0 0
1 0
2 0
3 0
4 0
5 0
6 0
7 0
8 0
9 676.139
10 0
13 0
14 0
16 0
17 0
19 48.4444
20 11.6667
21 521.207
22 4.02619
23 0
24 0
25 754.204
26 704.311
27 0
28 0.25
29 295.864
30 17.1704
31 1771.12
32 0
33 0
34 95.5683
35 0
36 0
38 7.16111
39 1.85595
40 1164.91
41 46.7361
44 0
45 0
46 0
47 0
48 2856.14
49 0
50 0
51 6.61349
52 0
53 910.511
54 4260.44
55 0.274733
56 5818.56
57 53.7876
58 476.293
59 2.92378
60 0.571429
61 1
62 42.0517
63 0
64 0
65 878.149
66 0.361364
67 17991.9
68 0
69 20.7689
70 0
71 0
72 16.9999
73 8.26409
75 18.2731
76 0
77 9.66667
78 0
79 0.158824
80 9834.16
81 0
82 11470.7
83 6.61349
84 136.688
85 4.87721
86 0
87 1234.84
88 229.333
89 7.33333
90 0
91 0
92 11.0969
93 4
94 43.7579
95 0.333333
96 14.2016
97 0
98 4476.79
99 7.16667
100 464.026
101 5.33575
102 0
103 1494.47
104 20.8947
105 3447.15
106 21.0306
107 3963.9
108 60.3389
109 3263.75
110 0
111 34.8611
112 0
113 6706.78
115 44.5694
116 15.9861
117 10.7455
118 95.9496
119 103661
120 0
121 41.0457
122 16222.5
123 7.83162
124 54.3274
125 5116.23
126 7.22619
127 47.8413
128 6074.91
129 0.27439
130 85.2407
131 0
132 121.799
133 46.3753
134 69.9114
135 0
136 37051
137 56.3333
139 0
140 25.4167
141 88.1859
142 149.613
143 72.3333
144 38.4028
145 0
146 45.8321
147 1
148 100.655
149 11.2917
150 10387.8
151 8
152 3
153 0
154 0
155 0.5
156 47.5505
158 190.511
159 184.747
160 0
161 80.7332
162 0.416667
163 60129.1
164 0.9
165 21.7329
166 0
167 1
168 24.3891
169 214.202
170 366.213
171 53223.1
172 278.709
173 78831.7
174 1
175 340.446
176 15.603
177 0.833333
178 45.2124
180 12.3773
181 4
182 0.5
184 39.1619
185 132.513
186 365.178
187 3.59646
188 290.481
189 0
190 2.7
192 10
193 2
194 42.5897
195 0
196 68.2547
197 25.9826
198 1206.43
199 343.732
200 351.404
201 0
202 6.5
203 354.66
204 285.384
206 5.4
207 0
208 0.768541
211 77.785
212 13.7999
213 732.532
214 51.6944
216 0
217 19.1667
218 0
219 2
220 0
221 0.266667
222 91.2964
223 65.073
224 109.098
225 0.166667
226 2.79167
227 13.6667
228 0
229 6.72083
230 38.5
231 92.1054
232 54.1759
233 0
234 0
236 326.188
238 61.9713
239 479.811
242 248.63
243 8
244 0
245 2
246 8.11368
248 58.1152
249 225.888
250 0.166113
251 11.2716
252 301.114
254 4.82755
257 76.874
258 10.1408
259 5
260 22.8663
261 126.029
262 0
263 0
265 66.4428
266 1.4219
268 0.166667
269 4.33333
271 474.323
272 694.118
273 0
274 2.55708
275 1
276 1.63409
277 906.729
280 120.18
281 188.442
284 15.9901
285 240.581
288 0.037037
290 2.51309
291 50.684
297 19.9534
299 82.4716
300 14.3409
301 5
302 50.4296
303 6.54629
304 354.649
305 0
306 0
308 78.8528
309 0
310 6.25
311 41.5636
312 15.8194
313 95.396
314 2.03952
315 234.488
318 4.23615
319 4.33333
320 16.9483
322 253.461
323 40.1246
324 175.777
325 5.03193
326 1.06944
329 29.8322
330 0.163743
331 2.37424
333 0
334 21.3964
339 144.701
348 46690.9
349 0
350 0
351 1.03333
352 0
353 369.541
354 0
355 16.532
356 0
357 0
359 17.0931
360 0
361 6.74203
362 2.24607
363 264.384
364 5
365 0.467262
366 300.365
367 89.894
368 56.7011
369 152.703
370 154.754
371 0.336572
372 0
373 1531.28
374 383.669
375 13.252
376 6000.24
377 0
378 1128.61
379 0
380 0.142857
381 0
382 0.25
383 3294
384 1
385 0.125
386 0
387 6696.59
388 54.4882
389 4243.49
390 0.357852
391 1062.59
392 3.29581
393 0
394 137.472
395 532.111
396 43.3193
397 1358.64
398 284.724
399 0.5
400 919.405
402 652.352
403 227.456
404 959.174
405 429.376
406 113.744
407 10.3587
408 3266
409 98.2901
410 129.698
411 3
412 5712.75
413 32.8168
414 41510.3
415 1074.91
416 254.84
417 298.571
418 44.6623
419 8026.43
420 318.859
421 484.721
422 1667.4
423 818.415
424 60.4041
425 86.461
426 93.5711
427 2001.95
428 34094.6
429 2.62917
430 650.251
431 1923.25
432 645.862
433 3.15761
434 2311.55
435 884.569
436 1717.19
437 3263.53
438 948.843
439 452.573
440 23.916
441 0.5
442 13.1404
443 0
444 985.394
445 33.7025
446 5.59413
448 0
449 397.606
450 48.0915
451 74.0791
452 724.208
453 25
454 0
455 2175.12
456 2666.93
457 1079
458 253.483
459 69.0218
460 8941.91
461 1049.31
462 1649.31
463 5854.5
464 72.0333
465 8919.96
466 7.08333
467 0
469 1755.78
470 78.9849
471 434.985
472 3009.87
473 452.689
474 90.827
475 24635.8
476 0
477 77.0461
478 20.2326
479 1154.97
480 16.1433
481 124.729
482 1072.09
483 42028
484 43910.8
485 0
486 24.6236
487 44.863
488 33.9682
489 22.4241
490 11.9071
491 0.658333
492 1913.35
493 2449.76
494 495
495 13.5216
496 2320.17
497 15072.2
498 19.2095
499 0
500 6964.55
501 1
502 9.96067
503 3410.67
504 7091.28
505 20.064
506 2383.14
507 14399
508 1689.6
509 1.85238
510 1362.69
511 31.4534
512 1239.72
513 10619.5
514 485.059
515 1142.08
516 5031.46
517 9030.18
518 1814.82
519 60.5704
520 3750.54
521 1.09167
522 9.725
523 3907.64
524 4054.78
525 12552.5
526 86421.3
527 947.629
528 75.3666
529 0.415917
531 12699.8
532 76.6238
534 1009.49
536 25.3188
537 625.231
538 6091.9
539 556.845
540 127.432
541 240.14
542 5039.28
543 320.958
544 5738.33
545 5524.03
546 5670.74
547 33.6982
548 8906.31
549 1385.13
551 2.83373
553 7016.41
554 8070.43
555 17.8179
556 17241.3
557 11.6885
558 63.9252
559 11703.9
560 3494.14
561 12498.1
563 212075
566 21457.9
567 135308
573 0
574 8.68027
575 0.2
576 0
577 0
578 2.95325
579 187.391
580 7385.83
581 0
582 0
583 3.28658
584 130.639
586 0
587 883.897
588 0.829737
589 3537.87
590 1350.47
591 5292.93
592 688.2
594 13813.7
595 0
596 13009.2
597 23.5216
598 0.214286
599 1.07143
600 2.86436
601 774.68
603 2.41111
604 7031.93
605 467.412
606 46440.6
609 1516.22
611 3.13773
612 528.552
614 954.354
615 3.76436
616 196.44
617 953.162
618 1764.64
619 1094.26
620 375.432
621 0.72619
622 2314.51
623 130.255
625 8509.68
626 28.7667
627 2.34769
628 0.2
629 95.2151
630 47761.4
631 20.5188
632 4.02143
633 34.3557
634 2118.93
635 160.722
636 32.7676
637 36279.2
639 61.8989
640 2.33939
641 56420.2
643 3.10133
644 119.582
645 765.927
646 499.561
647 1327.57
649 1095.97
650 47.914
651 20199.4
653 88.5688
654 282.326
655 4.23081
657 1.5
658 48.0807
659 48.0807
661 2.10133
662 1.81952
664 5.28737
665 0.5
666 24.1422
669 41.8068
670 0.757576
672 0.0909091
675 0.590909
676 1.36912
677 15.8077
678 131.135
679 31.4949
680 54.2708
686 0
687 0
688 34.8071
689 0
690 0
691 0
693 0
694 2766.99
695 23.8884
696 12.2865
697 18976.5
698 24251
699 0
700 0.151111
701 2.62129
702 1.72619
703 46.7034
704 0
705 114.715
706 0.383756
707 0
708 6.85436
709 3.3366
710 0.696429
711 80.0302
712 71.0048
713 300.806
714 22.3929
715 0
716 0
717 0
718 60.921
719 269.795
720 32.7004
721 1.06667
722 13.8409
723 0.456566
724 128.019
725 0.833333
726 33.805
727 29.1178
728 62.7697
729 1.95
730 11.3102
731 14.5224
732 17.9762
733 8.25238
734 47.392
735 0
736 122.032
737 17.4835
738 34.8345
739 145.78
740 27.7595
741 6.82916
742 237.548
743 0
744 0
745 534.519
746 13.6833
747 566.155
748 28.9737
749 0
750 0
751 1.86146
752 117.069
753 61.3735
754 41.9791
755 18.7921
756 1.73117
757 23
758 22.5017
759 254.435
760 42.8173
761 0.0833333
762 1.25397
763 17.3058
764 48.8247
765 4.33588
766 455.494
767 12.5
768 58.9115
769 168.618
770 279.184
771 232.332
772 68.4467
773 84.0923
774 199.566
776 3.5
777 43.445
778 13.407
779 24.3447
780 107.423
781 361.33
782 190.982
783 23.1843
784 227.128
785 0
786 10.8024
787 82.343
788 4.14928
789 19.0703
790 10.9405
791 55.619
792 32.22
793 29.867
794 9.37444
795 72.4488
796 10.75
797 60.6879
798 82
799 26.8869
800 185.672
802 0
803 81.8558
804 207.605
805 496.746
806 37.2857
807 20.6568
808 0
809 41.6142
810 93.5826
811 26.9935
812 3.24762
813 47.3095
814 38.3122
815 112.427
816 3.86667
817 142.048
818 138.648
819 117.026
820 183.934
821 3.33074
822 96.3214
823 209.596
824 201.394
825 1
826 5.33707
827 82.6048
828 753.994
829 160.842
830 279.811
831 1.98876
834 70.7056
835 14.2384
836 3.45737
837 2.37599
838 45.0467
840 57.2914
842 1.81429
844 24.1106
845 3.1299
847 0.333333
852 0
856 1225.79
857 21.6667
858 0
859 0
860 7857.25
861 2.42857
862 15548.5
863 20.8757
864 108.333
865 0
866 0
867 0
869 66.966
870 1.5
871 4.5
872 0
873 0
874 0.5
876 20.8757
877 0
878 20.3757
879 2
881 1
882 19.8995
884 0.333333
885 2.5
886 0
888 0
896 5061.65
897 0
898 0
899 0
900 0
901 0
902 0.0625
903 544.329
904 46
905 275.885
906 4659.92
907 0
908 1270.21
909 0
910 0
912 2043
913 855.142
914 40.1323
915 1338.5
916 0
917 15415.4
919 127.481
920 0
921 580.197
922 36.0601
923 0
924 0
925 2635.95
926 0
927 430.939
928 0
929 0
930 461.118
931 1692.14
932 0
933 797.529
934 37.8578
935 0
936 306.795
937 0
938 116.466
939 567.565
940 4.54277
941 715.164
942 761.32
943 0
944 327.898
945 0
946 2868.51
947 149.692
948 518.911
949 53.1503
950 3.57427
951 0
952 40.1253
953 3326.05
954 440.031
955 0.5
956 0
957 1331.25
958 0
959 0
960 484.413
961 288.287
962 1975.62
963 3175.12
964 953.325
965 270.835
966 1147.35
967 781.63
968 5314.06
969 30.0469
970 0
971 516.718
972 3.20176
973 61.1934
974 0.5625
975 299.996
976 18.4155
977 6.6068
978 555.765
979 0.685535
980 1558.2
981 278.857
982 375.095
983 168.284
984 75.5596
985 0
986 4.75938
987 0
988 24.1865
989 0.0530303
990 272.328
991 596.4
992 269.126
993 3630.52
994 71.6773
995 1779.76
996 0
997 307.556
998 10.9358
999 1922.62
1000 436.012
1001 5310.16
1002 0
1003 219.893
1004 62.5691
1005 0.2
1006 1921.96
1007 498.77
1008 0
1009 793.011
1010 2888.04
1011 1726.85
1012 18022.1
1013 1679.56
1014 2126.17
1015 114.894
1016 0
1017 1042.08
1018 577.544
1019 3019.87
1020 352.302
1021 7010.72
1022 0
1023 2698.8
1024 657.787
1025 1806.03
1026 301.564
1027 0
1028 485.387
1029 21826.7
1030 398.982
1031 0
1032 21037.4
1033 770.115
1034 0
1035 520.255
1036 32.5554
1037 326.129
1038 4.95001
1039 1.59398
1040 454.78
1041 612.361
1042 24.1141
1043 741.764
1044 26.3733
1045 962.243
1046 0
1047 453.467
1048 1057.67
1049 16026.1
1050 0
1051 2450.68
1052 4833.23
1053 0
1054 633.411
1055 662.063
1056 132.162
1057 2081.67
1058 92.0202
1059 479.463
1060 12367.6
1061 2.59045
1062 848.73
1063 2.72388
1064 2304.19
1065 0
1066 1525.28
1067 959.871
1068 107.382
1069 26.1482
1070 26107.8
1071 0
1072 82.0137
1073 508.337
1074 34869.2
1075 2080.47
1076 513.18
1077 1197.59
1078 3713.63
1079 125.135
1080 7400.04
1081 109.821
1082 27.0729
1083 940.274
1084 4.6732
1085 19189.4
1086 139435
1087 282.513
1088 888.153
1089 375.383
1090 237.901
1091 652.238
1092 43.9423
1093 150.271
1094 264.567
1095 1177.63
1097 276.303
1098 1750.03
1099 1114.29
1100 106.792
1101 1630.9
1102 64.268
1103 9.79528
1104 6280.4
1105 0
1106 2669.98
1107 559.496
1108 37.9608
1109 1400.36
1110 23904.7
1111 0
1112 97.0043
1113 330.695
1114 970.921
1115 13.5624
1116 6.56738
1117 831.453
1118 272.399
1120 88.3398
1121 847.421
1122 3671.04
1123 714.372
1124 2317.79
1125 282.462
1126 8307.32
1127 2754.43
1128 17437.9
1129 268.99
1130 339.589
1131 1662.98
1132 448.809
1133 1302.12
1134 72.9786
1135 1168.64
1136 40155.6
1137 81.5966
1138 6750.89
1139 93.052
1140 831.329
1141 24.2448
1142 57.2394
1143 469.942
1144 1206.08
1146 5742.95
1147 779.452
1148 978.184
1149 981.062
1150 15.8624
1151 237.549
1152 485.342
1153 731.354
1154 292.953
1155 6159.42
1156 374.18
1157 0
1158 331.017
1159 4416.56
1160 1118.24
1161 1886.2
1162 0
1163 329.681
1164 17.0087
1165 20394.4
1166 9859.57
1167 59.9796
1168 10.602
1169 348.925
1170 937.311
1171 63398.8
1172 1373.26
1173 37437.1
1174 318.734
1175 20276.1
1176 0
1177 1817.04
1178 400.788
1179 1384.73
1180 201.638
1181 93.133
1182 9258.44
1183 5807.62
1184 1807.94
1185 2199.31
1186 0.75
1187 325.574
1188 508.093
1189 9024.08
1190 168.834
1191 2228.34
1192 3436.26
1193 1448.33
1194 184
1195 46.8819
1196 944.158
1197 6870.64
1198 100.477
1199 2970.25
1200 0
1201 137.439
1202 2610.07
1203 12.2823
1204 2980.92
1205 508.635
1207 708.971
1209 327.632
1210 2061.02
1211 1779.99
1212 2002.86
1213 197.544
1214 1989.21
1215 2054.24
1216 632.903
1217 10797.2
1218 170.991
1219 261.04
1220 7.88299
1221 3516.2
1222 7265.67
1223 6001.53
1225 144.27
1226 2476.75
1227 733.431
1228 1063.68
1229 532.288
1230 516.039
1231 2671.07
1232 622.951
1234 104.362
1235 4796.9
1236 10345.9
1237 8598.9
1238 3424.1
1239 1.0446
1240 1216.67
1241 186.883
1242 678.977
1243 1637.97
1244 90.4121
1245 5226.2
1246 1412.55
1247 670.276
1248 746.027
1249 1828.37
1250 1713.8
1251 18.8543
1252 0
1254 201.933
1255 16245.2
1256 1189.1
1257 32.6267
1258 36715.6
1259 6486.31
1260 372.67
1261 2502.6
1262 0
1263 131.298
1264 1
1265 310.335
1266 6975.11
1267 499.488
1268 5943.33
1269 809.964
1270 0
1271 814.889
1272 7535.35
1273 4399.48
1274 1257.88
1275 1814.85
1276 0
1277 20761.5
1278 1459.95
1279 21.9569
1280 239.01
1281 320.276
1282 4762.76
1283 4800.52
1284 297.099
1285 49.6543
1286 57.5895
1287 26.9232
1288 522.844
1289 13462.1
1290 792.184
1291 581.67
1292 190.129
1293 80.6882
1294 67.6501
1295 2.20694
1296 471.816
1297 59.0435
1298 4043.7
1299 243.333
1300 92.992
1301 27.4423
1302 470.17
1303 6659.59
1304 987.2
1305 6517.54
1306 271.629
1307 1067.86
1308 154.21
1309 1116.48
1310 258.137
1311 510.654
1312 22863.5
1313 118.954
1314 924.129
1315 13.8959
1316 306.252
1317 2369.84
1318 493.846
1319 177.434
1320 2298.41
1321 1605.15
1322 5072.86
1323 170.932
1324 269.102
1325 804.847
1327 13247.6
1328 401.925
1329 38122.3
1330 1141.92
1331 2459.52
1332 648.14
1333 1909.6
1334 71967.2
1335 1503.47
1336 43.1543
1337 4316.12
1338 26379.9
1339 2658.36
1340 111.332
1341 747.33
1342 126.137
1343 16324.5
1344 976.881
1345 15634.8
1346 0
1347 978.643
1348 292.886
1349 2014.41
1350 38048
1351 78.8177
1352 24713.3
1353 1314.23
1354 9.61959
1355 200.214
1356 343.697
1357 17081.4
1358 9711.24
1359 448.719
1360 4486.07
1361 17357.6
1362 0
1363 528.72
1364 205.492
1365 24.3511
1366 22302.5
1367 2647.52
1368 2
1369 14124.4
1370 892.875
1371 31458.2
1372 0
1373 3803.83
1374 583.904
1375 118.592
1376 73631.7
1377 3979.85
1378 80.6569
1379 26.0219
1380 157.697
1381 5.77899
1382 48.2407
1383 0
1384 3960.48
1385 235.806
1387 1323.29
1388 190.974
1389 55.6706
1390 9031.89
1391 1680.68
1392 123.977
1393 16257.5
1395 0
1396 71.9281
1397 15659.1
1398 67.3389
1399 6479.7
1400 48.8583
1401 2411.32
1402 80.7233
1403 0
1404 172.353
1405 165030
1406 109.864
1407 473.996
1408 684.897
1409 29678.1
1410 127.281
1411 84.3849
1412 285.041
1413 114.125
1414 0
1415 307.449
1416 1714.49
1417 16830.5
1418 390.859
1419 2955.88
1420 7497.47
1421 410.185
1422 960.379
1423 896.436
1424 2143.93
1425 899.123
1426 282.363
1427 19481.7
1428 237.189
1429 7161.33
1430 0
1431 18567.2
1432 104.976
1433 120.567
1434 2884.74
1435 88207.2
1436 5100.24
1437 1170.34
1438 6.23628
1439 0.212065
1440 1373.47
1441 4325.78
1442 522.959
1443 10.0785
1444 7529.01
1445 4644.64
1446 307.569
1447 1359.74
1448 2721.11
1449 849.319
1450 2713.6
1451 880.542
1452 331.401
1453 8719.74
1454 143.181
1455 0
1456 2424.89
1457 207.288
1458 3041.1
1459 1196.64
1460 7271.86
1461 42.0279
1462 186.488
1463 75.4176
1464 133.76
1465 18873.5
1467 24749.4
1468 68.9416
1469 2647.97
1470 1795.62
1471 9072.94
1472 6707.53
1473 12406.7
1474 0.333333
1475 1085.41
1476 10.6429
1477 251.201
1478 352.993
1479 367.278
1480 51595.6
1481 122.116
1482 395.866
1483 1445.21
1484 17.1796
1485 1548.71
1487 18519
1488 829.372
1489 84.2982
1490 2.20195
1491 824.398
1492 392.184
1493 1.13285
1494 1169.02
1495 482.348
1496 1419.64
1497 2221.73
1498 52.3553
1499 3745.81
1500 396.828
1501 1776.84
1502 2460.52
1503 26.1572
1504 408.888
1505 36325.4
1506 1.10377
1507 111.638
1508 31.8688
1509 13985
1510 0
1511 28464.6
1512 109.035
1513 7772.69
1514 172.785
1515 1132.15
1516 3818.88
1517 16.5753
1518 294.857
1519 19589.8
1520 1214.72
1521 0
1522 21083.3
1523 37051.4
1524 21.8631
1525 3446.66
1526 384.961
1527 22915.2
1528 4104.68
1529 2476.77
1530 81.3323
1531 2957.42
1532 14.7904
1533 5090.43
1534 46703.6
1535 2558.1
1536 8850.75
1537 2822.62
1538 235.054
1539 34933.3
1540 54273.9
1541 237.943
1542 64.0671
1543 269.743
1544 236.156
1545 1885.03
1546 0
1547 203.736
1548 1223.19
1549 5501.28
1550 15.1671
1551 2124.94
1552 4353.65
1553 18002.7
1554 4946.33
1555 41411.3
1556 958.736
1557 6876.17
1558 0
1559 66838.8
1561 77441
1562 152.846
1563 624.289
1564 2518.56
1565 1348.82
1566 985.439
1567 2228.9
1568 21.0911
1569 7913.73
1570 3851.25
1571 1965.61
1572 13.4317
1573 1426.79
1574 4411.88
1575 723.264
1576 86.3696
1577 46525.5
1578 89.812
1580 443.085
1582 116.487
1583 1017.14
1584 39906.7
1585 7147.64
1587 114.8
1588 496.556
1589 1839.88
1590 21922.7
1591 3650.14
1592 2.76254
1593 5748.72
1594 134.861
1595 4549.17
1596 234.538
1597 2182.02
1598 2744.44
1599 201.229
1600 865.96
1601 41.9396
1602 32.3159
1603 1095.84
1604 12781.7
1605 215.429
1606 33.0431
1607 2.72427
1608 407.505
1609 218.746
1610 7870.45
1611 1347.99
1612 1719.97
1613 5156.57
1614 127.894
1615 381.871
1616 1123.39
1617 24820
1618 1773.99
1619 346.228
1620 18767.7
1621 78947
1622 8936.19
1623 138.363
1624 1218.59
1625 156.811
1626 6739.97
1627 0
1628 564.316
1629 1414.6
1630 1620.65
1631 0
1632 565.514
1633 77.438
1634 89.0471
1635 244.315
1636 259.706
1637 5976.27
1638 63.1721
1639 27616.8
1640 1.17688
1641 77.8191
1642 51974.2
1643 613.836
1644 241.27
1645 550.52
1646 2857.31
1647 179.936
1648 0.493427
1649 203.588
1650 184.567
1651 0
1652 194.974
1653 40.794
1654 13.8353
1655 81.7627
1656 153656
1657 0
1658 231.149
1659 95.5064
1660 272.363
1661 2096.16
1662 270.837
1663 64294
1664 4
1665 267.126
1666 73350.8
1667 158.113
1668 221.969
1669 231.334
1670 27333.7
1671 472.77
1672 666.493
1673 98.8877
1674 21644.8
1675 2527.15
1676 129.282
1677 140.356
1678 29150
1679 167.091
1680 1349.58
1681 42.6816
1682 69.7495
1683 1829.43
1684 537944
1685 512.686
1686 898.317
1687 1642.6
1688 5921.21
1689 351.341
1691 68.4373
1692 2115.35
1693 5
1694 290.734
1695 90.4017
1696 432.351
1697 2623.71
1698 31.4428
1699 407.7
1700 13.4306
1701 326.184
1702 19052.4
1703 3115.41
1704 220.461
1705 25.5194
1706 190.55
1707 723.787
1709 2193.09
1710 50.8516
1712 177.958
1714 1058.74
1715 538.305
1716 317.718
1717 1362.98
1718 433252
1719 23.2401
1720 604.023
1721 154.596
1722 1189.47
1723 29.8926
1724 1644.28
1725 1582.85
1726 33468.2
1727 489.059
1728 18.9508
1729 2058.54
1730 2674.24
1731 0
1732 20.4311
1733 277.371
1734 77.3905
1735 342.935
1736 279.85
1737 602.336
1738 91.5361
1739 66.6369
1740 96.2449
1741 306.442
1742 244.321
1743 120.886
1744 280.354
1745 954.236
1746 2173.81
1747 88.0718
1748 88.3202
1749 1.84545
1750 1228.29
1751 58.4066
1752 279.793
1753 168.922
1754 31.5549
1756 16.2025
1757 372.8
1758 41963.8
1759 0.5
1761 4410.68
1763 180.131
1765 1217.41
1766 179.167
1767 29.579
1768 2445.5
1769 134.512
1770 640.614
1771 2.99177
1772 77.2747
1773 46.4512
1774 120.026
1775 0
1776 0
1778 37.0968
1779 917.74
1780 800.799
1781 1397.64
1782 510.152
1783 4114.68
1784 140.325
1785 65.7971
1786 1303.24
1787 2341.81
1789 76.8552
1790 590.341
1791 536.314
1792 8.10547
1793 158.162
1794 3118.6
1795 83.9106
1796 16.0016
1797 930
1798 242.846
1799 433.015
1800 2733.87
1801 1.95704
1802 0
1803 51.5499
1804 561.651
1805 94.7745
1806 534.313
1807 1067.49
1809 371.903
1810 76.6012
1811 80.3966
1812 7.77744
1813 969.741
1815 39.3827
1816 143.82
1817 78.9592
1818 2598.54
1819 278.949
1820 360.282
1821 0.0967742
1822 33.625
1823 2618.78
1824 12.7972
1826 217.374
1827 843.366
1828 183.777
1829 474.835
1831 332.351
1832 4.17624
1833 186.491
1835 1726.88
1836 175.808
1837 187.705
1839 463.797
1841 292.299
1842 159.119
1843 8.2256
1844 1290.66
1845 39.8411
1846 51.1297
1847 155.654
1848 1.14672
1849 30.3117
1850 372.901
1852 27.5294
1857 440.986
1858 432.451
1859 53.2535
1860 19.3201
1861 76.789
1862 86.695
1863 239.396
1864 43.3572
1865 0
1867 456.908
1868 252.519
1869 40.8734
1870 2.58055
1871 75.4207
1872 93.7351
1873 44.9936
1874 0
1876 204.526
1877 4.42768
1878 20.3784
1879 65.2707
1880 25.0033
1881 1044.76
1884 9.0185
1885 55.6425
1886 19.9449
1887 63.571
1888 234.405
1893 46.3816
1894 260.037
1897 101.433
1898 2.55371
1899 132.842
1901 27.5138
1902 256.78
1904 19.6008
1909 17.2469
1912 442513
1913 34.4848
1914 0
1915 0
1916 1272.49
1917 0
1918 44.5915
1919 48.6988
1920 1810.82
1921 3.70805
1922 104.93
1923 0
1924 0
1925 11.8317
1926 4691.24
1927 33.5287
1928 2.92013
1929 58.3939
1930 0
1931 43.7901
1932 857.931
1933 0
1934 0
1935 40.0308
1936 242.147
1937 0
1938 165.406
1939 254.076
1940 738.93
1941 4246.15
1942 11.3293
1943 9.36596
1944 1.08333
1945 1849.22
1946 46.6354
1947 2279.77
1948 1337.4
1949 0
1950 0
1951 395.613
1952 11.5604
1953 0.634715
1954 7993.91
1955 787.169
1956 0
1957 76.2879
1958 7.86927
1959 605.323
1960 0
1961 0
1962 11.4609
1963 2.7149
1964 811.543
1965 57.4269
1966 74.6294
1968 70.8039
1969 0
1970 112.938
1971 162.779
1972 533.767
1973 581.578
1974 0.0833333
1975 176.01
1976 307.618
1977 0
1978 0.316468
1979 37.7448
1980 196.376
1981 64.5822
1982 0
1983 98.4477
1984 45.8697
1985 3248.99
1986 8.86628
1987 3.28583
1988 31.4392
1989 6.98104
1990 354.475
1991 122.92
1992 1.1
1993 80.3132
1994 98.2093
1995 281.097
1996 0
1997 4.47829
1998 124.344
1999 82.7394
2000 10.3061
2001 355.57
2002 243.175
2003 1212.14
2004 205.101
2005 52.1861
2006 64.2922
2007 10848.1
2008 0
2009 231.365
2010 394.602
2011 71.4168
2012 8.42241
2013 0.378968
2014 0.572603
2015 320.597
2016 3.00075
2017 304.438
2018 718.421
2019 125.222
2020 20.3729
2021 0.649418
2022 198.35
2023 31.1598
2024 168.004
2025 4.09718
2026 608.341
2027 241.496
2028 903.568
2029 107.534
2030 273.1
2031 3075.39
2032 1746.7
2033 79.9584
2034 0
2035 75.549
2036 314.775
2037 542.539
2038 3324.66
2039 205.356
2040 466.195
2041 256.641
2042 1071.62
2043 38.1429
2044 4.34531
2045 66.754
2046 75.2133
2047 8870.75
2048 0
2049 272.48
2050 2.34006
2051 0
2052 1037.01
2053 497.63
2054 3968.8
2055 52.5886
2056 228.356
2057 79.5671
2058 239.333
2059 202.628
2060 1780.98
2061 994.655
2062 1980.01
2063 308.167
2064 72.4453
2065 814.987
2066 9.42058
2067 102.639
2068 1630.08
2069 1454.98
2070 0.438034
2071 1207.61
2072 2364.53
2073 78.4902
2074 51.9062
2075 1099.14
2076 6.42863
2077 27.533
2078 1122.19
2080 9.92292
2081 4466.8
2082 22.124
2083 82.2333
2084 359.145
2085 414.442
2086 137.583
2087 2503.23
2088 135.432
2089 432.332
2090 58.5696
2091 409.052
2092 187.065
2093 359.762
2094 0
2095 69.7759
2096 3.96099
2097 7.35925
2098 18.5619
2099 634.218
2100 0
2101 139.111
2102 2127.53
2103 145.103
2104 66.6804
2105 7.30611
2106 0
2107 1700.6
2108 35.6661
2109 22.4348
2110 449.712
2111 3319.81
2112 39.1871
2113 2.66667
2114 181.865
2115 24.6982
2116 7423.81
2117 6723.73
2118 59.9323
2119 20.0221
2120 446.005
2121 301.025
2122 32.3538
2123 105.074
2124 44.5054
2125 1027.99
2126 3220.27
2127 1325.66
2128 2480.65
2129 244.859
2130 0.326149
2131 114.745
2132 1915.46
2133 7810.02
2134 157.614
2135 213.579
2136 8.4741
2137 1196.96
2138 535.695
2139 55.2811
2140 78.1161
2141 34.8805
2142 4906.58
2143 6079.06
2144 720.705
2145 2862.92
2146 623.125
2147 196.017
2148 769.626
2149 1077.43
2150 206.423
2151 293.917
2152 224.855
2153 1720.72
2154 378.952
2155 1210.06
2156 704.691
2157 258.492
2158 0.920635
2159 800.696
2160 450.252
2161 93.2114
2162 404.058
2163 136.865
2164 18.4053
2165 29.9792
2166 6.55904
2167 0
2168 0
2169 641.274
2170 45.2351
2171 1073.46
2172 319.435
2173 531.223
2174 1496.58
2175 77.8125
2176 3649.54
2177 0.106443
2178 0
2179 31.3302
2180 756.062
2181 18.844
2182 0.142857
2183 433.472
2184 1932.72
2185 119.481
2186 5.04133
2187 1244.54
2188 145.326
2189 11926.4
2190 32.2636
2191 447.567
2192 53.0774
2193 54.22
2194 340.66
2196 848.101
2197 197.506
2198 200.523
2199 5729.82
2200 121.68
2201 150.616
2202 83.5994
2203 1350.38
2204 0
2205 3.70435
2206 211.064
2207 782.942
2208 84.8832
2209 214.089
2210 1786.18
2211 824.74
2212 18.6927
2213 9.21622
2214 747.865
2215 1377.93
2216 35.6241
2217 8.35362
2218 192.392
2219 0
2220 85.1401
2221 89.1255
2222 128.226
2223 1998.22
2224 1077.96
2225 123.184
2226 1967.26
2227 78.7084
2228 931.892
2229 730.438
2230 0
2231 695.738
2232 2364.9
2233 6113.57
2234 26.694
2235 781.965
2236 531.867
2237 34.1086
2238 27.693
2239 631.532
2240 173.175
2241 657.866
2242 1843.04
2243 554.453
2244 116.865
2245 0.2
2246 799.837
2247 1490.16
2248 26.062
2249 106.367
2250 1295.17
2251 258.667
2252 0
2253 59.0727
2254 444.845
2255 15.9
2256 5.29409
2257 62.9277
2258 13.201
2259 1707.49
2260 2299.09
2261 31.0061
2262 5.79154
2263 1.33333
2264 545.899
2265 12.9662
2266 5117.41
2267 563.021
2268 10577.2
2270 1.34938
2271 91.6291
2272 190.258
2273 140.587
2274 8.79281
2275 58.7559
2276 55.2887
2277 128.915
2278 893.504
2279 679.882
2280 297.68
2281 1.2
2282 3028.6
2283 5747.01
2284 82.6082
2285 216.753
2286 64.9342
2287 86.1988
2288 834.783
2289 10172.1
2290 65.3466
2291 520.175
2292 2722.23
2293 58.3552
2294 1038.23
2295 8.5184
2296 482.442
2297 59.0172
2298 28.6184
2299 61.9668
2300 356.454
2301 142.2
2302 2002.54
2303 19.6881
2304 194.729
2305 1.60907
2306 11.6011
2307 22.1452
2308 61.0496
2309 518.031
2310 144.868
2311 15.5334
2312 9.88459
2313 12522.1
2314 29.9796
2315 66.0581
2316 79.2871
2317 443.766
2318 668.595
2319 1009.93
2320 95.4524
2321 50.407
2322 2931.95
2323 93.5698
2324 1676.69
2325 4763.54
2326 194.202
2327 774.485
2328 4503.22
2329 137.073
2330 576.501
2331 222.806
2332 260.379
2333 1716.05
2334 332.087
2335 330.59
2336 2309.67
2337 33.6581
2338 264.864
2339 328.946
2340 212.403
2341 176.335
2342 901.589
2343 683.823
2344 1622.38
2345 1693.86
2346 85.956
2347 18089.6
2348 306.94
2349 6.03571
2350 224.366
2351 656.867
2352 142.897
2353 11.9489
2354 132.818
2355 196.704
2356 111.836
2357 87.5838
2358 39.9993
2359 24.7599
2360 6.51869
2361 901.004
2362 9.43338
2363 132.911
2364 773.717
2365 93.0329
2366 291.443
2367 359.581
2368 368.164
2369 152.588
2370 55.5821
2371 109.397
2372 511.069
2373 20.1415
2374 83.977
2375 0
2376 2736.39
2377 480.665
2378 806.863
2379 113.898
2380 0
2381 164.783
2382 0
2383 14.293
2384 3382.88
2385 153.645
2386 49.4356
2387 503.549
2389 803.127
2390 91.3529
2391 375.735
2392 176.073
2393 84.0999
2394 1141.19
2395 348.747
2396 609.662
2397 500.693
2398 2528.59
2399 1207.74
2400 9.40176
2401 1458.78
2402 38.2783
2403 191.083
2404 258.187
2405 38.0564
2406 1066.02
2407 23.6999
2408 52.3439
2409 124.074
2410 543.694
2411 261.26
2412 370.174
2413 71.8216
2414 182.083
2415 70.0953
2416 66.9785
2417 3471.62
2418 29.2943
2419 2305.29
2420 137.172
2421 7.5
2422 0.5
2423 69.6208
2424 15.0169
2425 557.804
2426 439.342
2427 235.227
2428 253.814
2429 333.285
2430 205.723
2431 0
2432 412.991
2433 1349.95
2434 203.139
2435 2.54822
2436 333.702
2438 497.482
2439 4.16667
2440 278.007
2441 0
2442 0.0204082
2443 1513.25
2444 2.41071
2445 184.086
2446 82.7702
2447 807.012
2448 295.491
2449 244.302
2450 28.8879
2451 559.19
2452 3.14816
2453 535.126
2454 57.816
2455 74.2127
2456 329
2458 153.357
2459 1012.6
2460 149.847
2461 348.821
2462 237.705
2463 627.162
2464 164.032
2465 81.9054
2466 46.8355
2467 59.8092
2468 3372.97
2469 111.627
2471 731.461
2472 1347.6
2473 629.383
2474 607.711
2475 61.2983
2476 35.5116
2477 11.9895
2478 724.22
2479 4.13179
2480 131.837
2481 0.2
2482 180.595
2483 0
2484 85.665
2485 64.4803
2486 144.427
2487 0.2
2488 125.787
2489 19.2314
2490 528.86
2491 771.318
2492 119.461
2493 0.54437
2494 31.6098
2495 52.5132
2496 0
2497 73.9108
2498 522.171
2499 261.253
2500 127.869
2501 1188.1
2502 170.358
2503 6.74167
2504 34.3217
2505 0
2506 73.2001
2507 199.02
2508 389.443
2509 479.755
2510 994.141
2511 536.96
2512 2595.65
2513 0.583333
2514 281.144
2515 39.7331
2516 179.178
2518 192.71
2519 86.5218
2520 417.419
2521 164.593
2522 1.18394
2523 174.855
2524 16.7628
2525 362.859
2526 654.025
2527 403
2528 0.5
2529 564.304
2530 209.17
2531 195.267
2532 13.9193
2533 162.637
2534 70.6593
2535 23
2536 116.433
2537 198.627
2538 805.034
2539 37.7718
2540 769.719
2542 786.261
2543 17264.8
2544 2.31781
2546 209.216
2547 18.4856
2548 0
2549 31.9307
2550 297.556
2551 320.489
2552 18.6577
2553 163.048
2554 5.29454
2555 451.344
2556 20.6668
2557 179.306
2558 65.703
2559 98.1545
2560 1037.11
2561 99.6586
2562 15.6176
2563 10.2788
2564 121.273
2565 0.333333
2566 119.709
2567 397.864
2568 0
2570 63.8265
2571 28.4101
2573 55.6258
2574 15.1847
2575 53.3247
2576 16.1771
2577 70.7176
2578 32.5575
2579 6.99334
2581 186.8
2582 53.1566
2583 286.087
2584 0.828055
2585 7.80514
2586 41.8994
2588 56.1331
2589 54.2203
2590 106.138
2591 5.36021
2592 207.393
2593 20.5998
2594 60.7257
2597 130.819
2598 476.838
2599 4.99234
2600 37.7366
2601 27.3959
2602 158.765
2603 211.516
2604 482.248
2605 2.53508
2606 3.9892
2607 26.5562
2608 29.3617
2609 6.87084
2610 488.815
2611 104.473
2613 0.0771816
2614 76.6904
2615 24.5043
2616 148.899
2617 115.056
2618 49.9434
2619 14.1132
2620 185.641
2622 291.649
2623 5.62226
2624 63.5558
2625 16.9071
2626 161.796
2627 50.7692
2628 28.2789
2629 38.3867
2630 17.0461
2631 3.42084
2633 12.4342
2636 11.0305
2637 14.1062
2638 9.53282
2639 382.112
2640 351.042
2641 16.1631
2642 192.486
2643 1.92426
2645 162.082
2646 3.09877
2647 45.8852
2648 20.3625
2654 3.72896
2657 9.25291
2658 8.46455
2659 91.0769
2661 0
2662 0
2663 0
2664 0
2665 0
2666 0
2667 0
2668 0
2669 120.982
2670 0
2671 0
2672 0
2673 2.3443
2674 10.7047
2675 16.3557
2676 75.9015
2677 4581.84
2678 680.056
2679 36.6489
2680 1.898
2681 0.638137
2682 0
2683 65.3416
2684 9.18004
2685 0
2686 5.24249
2687 10.3089
2688 498.771
2689 289.478
2690 150.233
2691 0
2692 12.4438
2693 697.367
2694 1433
2695 0
2696 0
2697 6.91695
2698 53.2926
2699 0
2700 0
2701 45.8887
2702 318.558
2703 131.243
2705 6.47721
2706 278.335
2707 483.022
2708 77.2701
2709 66.5524
2710 5.95273
2711 148.438
2712 0
2713 0
2714 1.34762
2715 0
2716 533.055
2717 18.0043
2718 0
2719 713.951
2720 70.5912
2721 0
2722 0
2723 37.288
2724 4960.65
2725 259.63
2726 1.63333
2727 15.2438
2728 156.784
2729 410.889
2730 1125.84
2731 9.01273
2732 0
2733 0
2734 271.574
2735 140.008
2736 0
2737 210.036
2738 1205.32
2739 99.8846
2741 48.4407
2742 534.715
2743 124.032
2744 22048.5
2745 24.2035
2746 0.0322581
2747 0.92619
2748 1643.57
2749 491.966
2750 67.1391
2751 895.916
2752 359.866
2753 98.0008
2754 4647.97
2755 74.9796
2756 35.2674
2757 69.4458
2758 337.957
2759 247.872
2760 986.428
2761 6.81232
2762 9545.26
2763 145.7
2764 6229.52
2765 92.8876
2766 11.279
2767 0
2768 31.5907
2769 89.158
2770 119.869
2771 96.5781
2772 4591.89
2773 50.572
2774 0
2775 892.899
2776 0
2777 170.442
2778 579.857
2779 2.41874
2780 827.199
2781 1177.29
2782 169.964
2783 141.404
2784 197.064
2785 1010.33
2786 983.893
2787 3749.63
2788 0
2789 52.3164
2790 200.07
2791 61.7144
2792 0
2793 1228.76
2794 6.43761
2795 754.65
2796 373.561
2797 99.1539
2798 0.1
2799 0
2800 146.056
2801 0.635256
2802 240.779
2803 587.481
2804 23.1821
2805 0
2806 561.106
2807 358.255
2808 0
2809 29.3433
2810 643.493
2811 22.827
2812 1653.15
2813 12938.8
2815 33.0336
2816 1.64292
2817 0
2818 3835.4
2819 170.926
2820 47.7044
2821 38.0435
2822 754.436
2823 81.8355
2824 0
2825 15099.8
2826 425.584
2827 67.6078
2828 206.519
2829 24.1549
2830 17.8241
2831 1189.81
2832 798.118
2833 243.021
2834 232.031
2835 103.879
2836 1959.56
2837 8.89372
2838 0
2839 1411.16
2840 384.279
2841 4878.03
2843 1849.45
2844 2102.04
2845 223.078
2846 80.0793
2847 0
2848 1548.84
2849 554.001
2850 1.838
2851 27.3951
2852 0.174242
2853 59.2261
2854 104.034
2855 0
2856 133.715
2857 0
2858 1712.82
2859 111.316
2860 0
2861 4.08333
2862 226.393
2863 6299.57
2864 521.787
2865 2510.63
2866 234.389
2867 503.982
2868 1354.13
2869 8127.98
2870 261.74
2871 587.393
2872 82.2652
2873 124.755
2874 69.0827
2875 833.377
2876 80.9166
2877 377.383
2878 33.8723
2879 0
2880 280.288
2881 1226.83
2882 478.045
2883 879.586
2884 15.0628
2885 0
2886 0
2887 731.542
2888 85.4097
2889 1487.55
2890 363.808
2891 8.14906
2892 1615.75
2893 25.526
2894 1412.67
2895 22.5182
2896 87.8776
2897 518.227
2898 1.44968
2899 0.1
2900 3.33785
2901 1912.45
2902 0
2903 63.6031
2904 8940.15
2905 537.2
2906 785.557
2907 61.5414
2908 2.42704
2909 696.119
2910 497.071
2911 110.77
2912 53.4778
2913 2388.26
2914 1163.65
2915 643.7
2916 915.157
2917 2.30584
2918 62.1379
2919 2033.67
2920 1123.84
2921 1220.13
2922 0
2923 1290.27
2924 64.4436
2925 874.027
2926 0
2927 1129.48
2928 1248.09
2929 48.6374
2930 0.2
2931 96.7998
2932 1339.8
2933 0
2934 192.811
2935 5.78492
2936 932.49
2937 408.841
2938 1117.14
2939 359.15
2940 158.226
2941 240.463
2942 190.297
2943 289.667
2944 977.957
2945 58.4001
2946 23270.8
2947 13.4322
2948 17.3382
2949 155.686
2950 255.302
2951 8155.28
2952 422.326
2953 22.0938
2954 37.2861
2955 1860.48
2956 3377.17
2957 2434.11
2958 1196.8
2959 41.7429
2960 388.985
2961 735.792
2962 722.215
2963 0
2964 2057.75
2965 757.209
2966 747.09
2967 241.938
2968 295.186
2969 715.409
2970 3.20194
2972 41.4929
2973 443.838
2974 42.0317
2975 28.3333
2976 518.706
2977 14.1226
2978 293.751
2979 4389.67
2980 0
2981 528.199
2982 37.7429
2983 80.2064
2984 128.964
2985 35.7902
2986 1280.81
2987 14.729
2988 95.0409
2989 1945.7
2990 5.19252
2991 142.854
2992 846.115
2993 103.972
2994 105.941
2995 85.348
2996 3747.77
2997 2031.69
2998 3.70972
2999 2657.21
3000 1967.38
3001 1681.13
3002 2500.49
3004 358.471
3005 3683.28
3007 150.416
3008 37.7429
3009 231.499
3010 3150.81
3011 2531.46
3012 146.575
3013 175.721
3014 46.0525
3015 30.4904
3016 328.716
3017 1346.77
3018 584.469
3019 5520.66
3020 5306.88
3021 19.4955
3022 409.392
3023 123.046
3024 365.141
3025 362.292
3026 1089.72
3027 4535.23
3028 318.351
3029 54.0798
3030 16.0349
3032 151.711
3033 2759.25
3034 797.257
3035 1300.31
3036 322.142
3038 3876.85
3039 5.85381
3040 141.789
3041 248.167
3042 517.358
3043 131.11
3044 3.9174
3045 236.636
3046 525.363
3047 21.2528
3048 28.5006
3049 4920.11
3050 50.95
3051 1803.07
3052 457.305
3053 3.58333
3054 1016.65
3055 0.333333
3056 756.117
3057 866.261
3058 1.05482
3059 0
3060 840.596
3061 245.55
3062 770.907
3063 19.4964
3064 39.3871
3065 255.803
3066 188.504
3067 287.961
3068 67.9482
3069 225.292
3070 114.167
3072 3610.36
3073 638.189
3074 0.333333
3075 474.984
3076 1234.38
3077 1762.73
3078 6330.27
3079 232.494
3080 285.928
3081 1293.33
3082 1070.78
3083 843.502
3084 472.26
3085 342.746
3086 763.857
3087 698.439
3088 63.3788
3089 885.291
3090 3561.46
3092 5.08748
3093 90.1095
3094 0.66922
3095 301.623
3096 127.293
3097 6368.73
3098 970.682
3099 4.08794
3100 1239.52
3101 7223.88
3102 27.6484
3103 421.01
3104 1357.82
3105 303.458
3106 294.623
3107 2906.54
3108 26.0979
3109 13.4616
3110 259.121
3111 1699.93
3112 1.28861
3113 693.919
3114 200.511
3115 359.926
3116 1278.37
3117 17791.9
3118 586.593
3119 602.98
3120 321.842
3122 0.25
3123 137.395
3124 4039.85
3126 52.9978
3127 0.333333
3128 147.243
3129 92.3805
3130 62.4244
3131 0.2
3132 322.589
3133 5.21208
3135 17.1362
3136 2784.97
3137 454.217
3138 480.029
3139 273.283
3140 2149.41
3141 52.8542
3142 88.2878
3143 0
3144 98.9194
3145 465.604
3146 189.103
3148 363.505
3149 430.307
3150 1782.47
3151 60.7252
3152 1475.88
3153 227.601
3154 3309.15
3155 81.729
3156 207.067
3157 110.309
3158 87.0771
3159 160.44
3160 140.614
3161 87.7223
3162 1656.44
3163 36.0324
3164 6.89986
3165 72.2872
3166 83.7331
3167 128.979
3168 1722.02
3169 83.1312
3170 66.9728
3171 194.6
3172 506.036
3173 1363.61
3174 973.739
3175 0.166667
3176 526.683
3177 2014.81
3178 509.527
3179 7648.2
3180 0.2
3181 0.2
3182 546.292
3184 350.211
3185 2455.01
3186 426.162
3187 739.664
3188 1422.7
3189 42.7949
3190 25.5332
3191 498.083
3192 21.9165
3193 44.1563
3194 33.0523
3195 998.53
3196 936.363
3197 298.925
3198 2023.5
3199 97.1393
3200 19.1875
3201 3444.18
3202 0.89305
3203 916.91
3204 352.322
3205 2710.7
3206 78.4274
3207 432.731
3208 419.548
3209 14.5233
3210 737.919
3211 493.007
3212 191.391
3213 733.164
3214 5015.93
3215 2032.26
3217 0.936508
3218 0
3219 687.738
3220 33.5009
3221 879.773
3222 272.505
3223 360.131
3224 1548.52
3225 376.143
3226 98.8418
3227 29.141
3228 238.71
3229 59.6171
3231 301.302
3232 550.057
3233 2290.05
3234 182.167
3235 15.1697
3236 341.792
3237 765.008
3238 18.5151
3239 594.018
3240 1383.59
3241 27.7585
3242 321.165
3243 3.45366
3244 199.123
3245 98.6852
3246 223.746
3247 726.737
3248 745.506
3249 55.4644
3250 0.399086
3251 38.2
3252 545.473
3253 1514.23
3254 31.2485
3255 223.624
3256 4897.75
3257 47.4709
3258 947.929
3259 375.532
3260 314.689
3261 456.539
3262 10.6456
3263 5178.41
3264 110.706
3265 348.44
3266 0.507576
3267 751.76
3268 0
3269 6.14277
3272 373.152
3273 63.4109
3274 3031.35
3275 2626.97
3276 205.936
3277 137.702
3278 540.712
3279 1308.44
3280 2001.11
3281 15.8153
3283 1.49286
3284 24.6551
3285 208.338
3286 9.54178
3287 616.971
3288 168.243
3289 197.193
3291 1768.47
3292 108.38
3293 85.7466
3294 398.28
3295 579.436
3296 3953.86
3297 333.134
3298 365.971
3299 340.239
3300 21.6697
3301 65.3175
3302 2683.6
3303 51.194
3304 3497.65
3305 8.66059
3306 156.933
3307 77.429
3308 1.35758
3309 254.173
3311 0
3312 11.5504
3313 130.338
3314 1
3315 8.74271
3316 8.02799
3317 0
3318 1346.37
3319 234.087
3320 962.815
3321 753.132
3322 52.9978
3323 0.507923
3324 3219.88
3325 18.4406
3326 1339.33
3327 1908.42
3328 69.4331
3329 354.747
3330 954.114
3331 976.241
3332 152.476
3333 3.70152
3334 0
3335 583.946
3337 14.1898
3338 10.9101
3339 707.35
3340 46.6767
3341 317.147
3342 1387.28
3343 22.7493
3344 243.906
3345 742.885
3346 330.881
3347 600.763
3348 40.8197
3349 31.3145
3350 231.165
3351 448.466
3352 0
3353 293.682
3355 241.991
3356 121.838
3357 5.50895
3358 13.5129
3359 80.0752
3360 337.097
3362 543.999
3363 1403.29
3364 358.88
3365 674.557
3366 1008.47
3367 0.18254
3369 148.638
3371 17.5632
3376 0
3377 30.5118
3378 42.0466
3379 93.9492
3381 21.9615
3382 0.433333
3384 15.0182
3386 122.721
3387 149.74
3388 49.7168
3390 60.3028
3391 25.7238
3392 102.05
3394 11.4169
3395 218.975
3396 116.053
3397 223.892
3398 1.7869
3399 3.18975
3401 0
3402 24.4037
3403 66.9454
3406 890.05
3410 2.35751
3411 11.86
3412 311.431
3416 8.8781
3417 135.83
3419 12.2937
3422 15.1685
3425 4.47148
3426 135.395
3437 133579
3438 0
3439 0
3440 13.0924
3441 0
3442 0
3443 0
3444 0
3445 0
3446 0
3447 0
3448 87.9127
3449 25.894
3450 0
3452 0
3454 1309
3455 3.5881
3456 99.6395
3457 0
3458 0
3459 0
3460 25.9071
3461 1.27917
3462 18.6766
3463 0
3464 115.344
3465 0
3466 30.3752
3467 0
3468 76.6807
3469 285.762
3470 27.0149
3471 61.6786
3472 2.3
3473 0
3474 33.9364
3475 75.308
3476 6.25
3477 0
3478 0
3479 0
3480 27.5353
3481 0
3482 3.37146
3483 0
3484 213.19
3485 26.5031
3486 3.59351
3487 714
3488 183.151
3489 0
3490 4.28333
3491 7.4494
3492 0
3493 9.91063
3494 0
3495 244.09
3496 369.685
3497 13.1399
3498 6.50199
3499 68.1033
3500 261.871
3501 199.709
3502 0
3503 0
3504 12.9174
3505 359.428
3506 337.131
3507 18.7281
3508 466.458
3509 0.890699
3510 4.50714
3511 117.047
3512 366.53
3513 0.333333
3514 107.746
3515 89.7952
3516 1
3517 17.3427
3518 48.7617
3519 151.833
3520 56.6824
3521 1662.81
3522 6.21667
3523 0.333333
3524 92.4514
3525 178.639
3526 724.14
3527 25.0817
3528 63.7301
3529 202.671
3530 23.3333
3531 3.84286
3532 83.3612
3533 72.4566
3534 248.765
3535 198.339
3536 18.3042
3537 0
3538 58.2917
3539 0
3540 89.049
3541 0.2
3542 241.089
3543 93.0549
3544 0
3545 1060.91
3546 26.397
3547 98.0755
3548 28.1024
3549 144.592
3550 128.504
3551 61.3333
3552 2.80675
3553 246.996
3554 207.103
3555 680.485
3556 89.3966
3557 38.7444
3558 32.4779
3559 472.911
3560 0
3561 216.965
3562 0.333333
3563 145.504
3564 112.282
3565 0
3566 308.418
3567 0.2
3568 629.216
3569 110.655
3571 1.06667
3572 0
3573 547.842
3574 9.06418
3575 0
3576 905.193
3577 381.639
3578 10.4734
3579 0.25
3580 3.31667
3581 0.333333
3582 0
3583 39.2163
3584 472.862
3585 3.84286
3586 366.671
3587 0.833333
3588 0
3589 0
3590 114.881
3591 7.56851
3592 196.881
3593 1038.17
3594 9.75
3595 0.775
3596 902.76
3598 1.59091
3599 107.173
3600 97.8773
3601 1479.43
3602 20.0634
3603 1.19286
3604 7193.87
3605 149.726
3606 0.333333
3607 6.29524
3608 53.5252
3609 11.1829
3610 115.027
3611 367.792
3612 255.713
3613 12.1167
3614 71.6399
3615 293.708
3616 8.66667
3617 2477.21
3618 66.8809
3619 0
3620 4.98422
3621 20.3892
3622 5.79561
3623 18.1321
3624 13.9095
3625 320.645
3626 11.7778
3627 70.2928
3628 567.041
3629 239.6
3630 0.376984
3631 5.03981
3632 68.8215
3633 1054.87
3634 27.5037
3635 97.1388
3636 18.3575
3637 6.6267
3638 2.5
3639 0
3640 233.519
3641 3.16667
3642 155.695
3643 18.2299
3644 14.0655
3645 970.376
3646 58.6354
3647 1
3648 137.482
3649 10.3167
3651 97.3099
3652 56.5909
3653 0
3654 165.357
3655 9.83333
3656 54.8247
3657 1.40952
3658 27.8783
3659 31.9882
3660 17.4899
3661 0
3662 133.983
3663 2.46891
3664 64.8063
3665 7
3666 0
3667 57.4905
3668 0.20202
3669 0
3670 22.8535
3671 6.50547
3672 583.766
3674 513.788
3675 0.9
3676 0
3677 854.4
3678 70.0667
3679 19.2
3680 1625.33
3681 3.34183
3682 7.64286
3683 32.8886
3684 952.356
3685 1.1671
3687 66.5348
3689 0
3690 338.355
3691 0
3692 108.781
3693 85.5403
3694 41.1667
3695 10.3167
3696 18.95
3697 54.2613
3698 228.458
3700 0
3701 3.33333
3702 205.398
3703 8.47889
3704 0
3705 2019.15
3706 87.626
3707 76.7411
3708 0.72619
3710 37.0057
3711 200.893
3712 4.91057
3713 90.9812
3714 259.06
3715 0.891667
3716 0
3717 0
3718 70.5243
3719 92.9569
3720 68.0167
3721 248.963
3722 678.29
3723 0.833333
3725 4.96786
3726 25.7257
3727 22.1667
3728 185.264
3730 20.6442
3731 190.484
3733 0
3734 276.536
3735 1.175
3736 17.9938
3737 170.362
3738 516.664
3739 2.10952
3740 165.23
3741 35.9864
3742 0.5
3743 5.52738
3744 0
3745 6.33333
3746 0
3747 298.548
3749 0
3750 236.814
3751 1
3752 116.573
3753 56.7929
3754 2.52505
3755 1.31465
3756 807.786
3757 2.69286
3758 648.026
3759 292.865
3760 352.362
3761 14.2152
3762 6.89223
3763 462.053
3764 501.858
3765 0
3766 0
3767 106.724
3768 97.7421
3769 17.8084
3771 42.1429
3772 117.622
3773 2.22424
3774 33.3007
3775 17.8333
3776 72.735
3777 17.3154
3778 13.5
3779 63.9639
3780 196.741
3781 2.70192
3782 821.797
3783 6.75
3784 37.7282
3785 20.8617
3786 59.8347
3787 0.683333
3788 0.257576
3789 19.3333
3790 142.336
3791 154.851
3792 16.9482
3793 771.961
3794 295.915
3795 0.458824
3796 15.9683
3797 193.252
3799 335.566
3800 234.281
3801 0
3802 29.1833
3803 275.812
3804 138.102
3805 3.33333
3806 1.08333
3809 236.4
3810 123.962
3811 0
3813 0
3814 4.92619
3815 0
3817 6.81373
3818 41.3227
3819 1.17619
3821 468.927
3822 110.705
3823 112.232
3824 162.814
3825 256.083
3826 177.719
3828 32.8665
3829 240.371
3830 4142.55
3831 68.3569
3833 54.9156
3834 9.09667
3835 42.116
3836 603.804
3837 8.48896
3838 362.67
3840 0.0909091
3841 260.243
3842 272.352
3843 5.66116
3844 0
3845 24.3586
3847 198.011
3848 4
3849 0.5
3851 247.735
3852 24.5378
3854 0
3855 10.5597
3857 0.166667
3858 43.8622
3859 92.0793
3860 50.4209
3861 440.75
3862 10.6952
3863 30.8333
3864 0
3866 39.9641
3867 17.1833
3868 5.51071
3869 457.581
3870 137.517
3871 0.142857
3872 81.874
3873 75.1327
3874 0.910714
3875 0
3877 225.264
3878 33.456
3879 0
3880 70.2332
3883 0.566667
3884 42.0317
3886 9.07778
3887 153.685
3888 4.90697
3889 0.305357
3890 11.7005
3891 149.27
3892 0.60119
3893 66.2494
3894 16.75
3896 31.1936
3897 0
3898 1.06667
3899 0
3900 132.746
3901 75.3215
3902 237.109
3903 9.42888
3906 317.803
3907 96.8299
3909 96.1437
3912 0.267857
3914 213.337
3915 192.612
3916 23.1136
3918 480.999
3920 2.2
3924 75.7704
3925 0.333333
3926 98.9992
3927 54.1123
3929 2.86111
3930 249.895
3931 171.535
3933 128.057
3937 22.034
3938 114.797
3939 0
3940 0.8125
3943 2.12057
3944 3.45932
3945 147.565
3947 210.825
3948 35.1666
3950 81.075
3951 115.351
3956 192.707
3957 77.4911
3960 28.0212
3962 15.4303
3964 68.7936
3966 9.68395
3968 7.81147
3980 12426.7
3981 0
3982 0
3983 0
3985 0
3986 2.5
3987 0
3988 4.75
3989 310.667
3990 0
3991 0.333333
3992 0
3993 4.33333
3994 4.75
3995 23.5833
3996 5
3997 1.75
3998 36.5833
3999 5
4000 9.2
4001 0
4002 24.5
4003 0
4004 25.1167
4006 0
4007 0
4009 2.58333
4011 0.333333
4013 3.33333
4014 24.3667
4016 0
4017 5
4018 0.333333
4019 5.33333
4020 15
4021 2.16667
4023 40.95
4026 0.2
4027 16.5
4031 80.1667
