3 7282.47
4 873.236
5 517.144
6 374902
7 3100.67
8 156915
9 14798.2
10 23509.4
11 1.75415e+06
12 10591.9
13 118.312
14 100151
15 1.01954e+06
16 891.492
17 5521.09
18 435.047
19 4576.23
20 166366
21 11862.8
22 2.5032
23 13595.5
24 295625
25 9812.77
26 20376.4
27 85082.4
28 382483
29 174606
30 11570.5
31 1154.47
32 17378.6
33 54610.2
34 44146.3
35 74607.4
36 282781
37 2149.63
38 1148.63
39 63400
40 108.334
41 1447.09
42 34376.8
43 7.91895
44 10055.8
45 103.525
46 7285.64
47 131785
48 562.853
49 28230.7
50 4854.21
51 998.465
52 0
53 23313.1
54 19385.1
55 163757
56 199411
57 196.767
58 14056
59 32769.5
60 227.964
61 847.015
62 2858.14
63 0
64 97.0442
65 0
66 18128.6
67 617.625
68 300526
71 65790.8
72 497160
73 398.091
74 8653.17
75 92066.3
76 0
77 3768.73
78 8559.14
79 6852.73
80 54175.5
81 2141.4
82 0
83 843.534
84 0
85 0
86 285627
87 211031
88 0
89 21615.2
90 25867.8
91 2.70644
92 17.751
93 16391.8
94 44127.9
95 136262
96 0
98 107.774
99 3708.22
100 12.4563
101 1027.45
102 474.631
103 47306.2
104 5102.59
105 39008.9
106 495.589
107 72.8596
108 1031
109 93517.5
110 50516.5
111 2507.9
112 0
113 74222.7
114 0
115 18.8746
116 20.9098
117 0
118 0
119 0
120 759.215
121 376.931
122 63693.5
123 0
124 10.004
125 2539.47
126 1885.28
127 143889
128 16775.6
129 7.48212
130 2894.66
132 23739.4
133 548.651
134 3.02457
135 21522.5
136 65826.6
137 0
138 9241.2
139 3626.27
140 22526.1
141 0
142 2143.5
143 54431.7
144 37349.7
145 1334.49
146 0
147 35543.7
149 0
150 20574.1
151 71295.4
152 69153.1
153 28984.8
154 20803.7
155 90693.1
156 34.1304
157 3233.31
158 181.27
159 0
160 0
161 3798.95
162 6.58119
163 73333
164 276.739
165 4.9025
166 63288.6
167 1175.88
168 11395.3
169 5.03982
171 26661.3
172 38236.2
173 301479
174 0
175 28696.8
176 1375.21
177 1123.79
178 62109.9
179 525.886
180 12885.3
181 16.722
182 51496.6
183 1281.87
185 58.2238
187 4553.47
188 17.6437
189 0
190 6.78414
191 334.194
192 29508.6
193 2065.46
194 60.7868
195 0
196 0
197 275.92
198 0
199 2252.21
200 0
201 884.027
202 56.5545
203 4095.51
204 38224.4
205 312.271
206 0
207 0
208 505.701
209 194.792
210 0
211 18.0316
212 0
213 0
214 375397
215 28549.4
216 2680.9
217 0
218 5.77087
219 14476.6
221 76.5627
222 866.266
223 222.8
224 1594.71
225 0
226 13038.4
227 3524.14
228 7120.71
230 62029.5
231 12893.2
232 46192.2
233 0
234 0
235 0
236 6228.32
237 13036.8
238 129.54
239 0
240 39.1288
241 124.993
242 9.35346
243 72932.5
244 37.5001
245 2.20295
246 7284.04
247 79.82
248 0
249 574.656
250 344.652
251 135.938
252 1400.05
253 0
254 2081.19
255 21409.9
256 346.009
257 16742.8
258 1153.53
259 113637
260 97.8602
261 1965.77
263 1710.31
264 0
265 6920.12
266 516.254
267 0
268 17.2781
269 1340.72
270 349.328
271 190879
273 613.717
274 11549.4
275 14142.2
276 53.597
277 0.808437
280 53135
282 140513
283 7.81596
284 30.6611
285 43304
286 788.272
287 0
288 0
289 0
290 109239
291 3055.14
292 108.646
293 13.7748
294 0
295 81.16
296 104.941
297 0
298 9452.48
299 189140
300 2387.29
301 264.613
302 10608.9
303 1.05361
304 38190.3
305 202.825
306 241987
307 34.8809
308 65867.5
309 0
310 194729
311 331879
312 67167.9
313 28652.1
314 742.201
315 21542.4
316 18.2004
317 60210.1
318 17.3877
319 198932
320 191.618
321 8228.33
322 27263.9
323 0
324 2813.86
325 25574.1
326 591.807
327 81.4924
328 399.58
329 18.439
330 0
331 28.1069
332 23751.7
333 0
334 52624.1
335 10043.9
336 6611.15
337 0
338 709.75
339 44214.3
340 1146.69
341 14455.4
342 0
343 19.4723
344 5.16645
345 157.177
346 38241.9
347 215.553
348 13131.5
349 432.108
350 9403.54
351 342.702
352 123.378
353 38.4774
355 0
356 25842.5
357 4.20277
358 1123.79
359 28.8699
362 191.036
363 2708.52
364 1658.46
365 107.434
366 1568.29
367 114.759
368 2638.95
369 0
370 20345.2
371 80956.9
372 5374.94
373 602.902
374 46.2802
375 0
376 2184.26
377 19759.8
378 1071.01
379 616.681
381 5.03619
382 0
383 15287.5
384 0
386 0
387 178.468
388 0
389 329.722
390 225.89
391 3285.76
392 7.37618
393 0
394 14328.7
395 37049.1
396 736.042
397 0
398 645.849
399 89.8026
400 800.164
401 0
402 87320.8
403 19684.7
404 103.444
405 7483.5
406 26889
407 354097
408 0
409 15.3371
410 65.9767
411 0
412 1657.83
413 0
414 5.23533
415 40048.4
416 0.810902
417 77757.5
418 0
419 67.1952
421 135.547
422 582.769
423 81.0605
424 29.7517
425 55731.8
426 4005.5
427 5621.39
428 1072.99
429 1094.67
430 59.8729
431 3867.5
432 159304
433 363.603
434 84.0706
435 1907.48
436 0
437 0
438 0
439 13979.6
440 1475.92
441 0
443 0
444 0
445 383.614
446 0
447 7987.3
448 0
449 1083.42
450 0
451 0
453 0
454 216.737
455 12.8074
456 139.472
457 1.7401e+06
458 25.344
460 0
461 64.8268
462 31.3782
463 86.2007
465 56299.7
467 2863.71
468 0
469 1009.98
472 0
473 0
476 0
477 47150.5
479 463.83
480 0
481 0
486 0
488 701.946
489 86.8554
490 0
492 0
493 10.1625
494 15.4664
495 1268.4
497 0
498 0
499 530.735
501 90.8777
502 76.1935
504 0
506 29549
507 0
509 0
511 141.166
513 6.38442
514 21877.2
515 466.771
516 0
517 15549.6
519 0
520 0
521 1535.03
522 0
523 0
524 58062.6
525 3136.4
527 0
528 0
529 0
530 69.4387
531 0
532 0
534 94.1467
536 89.2278
538 47.0519
539 22.3721
540 0
541 6.10686
542 191.325
543 0
544 117.057
545 48215.4
546 66892.3
547 0
548 0
549 70394.3
550 0
551 0
552 22.9311
553 2276.09
554 818.778
555 16.8965
556 42212.6
557 0
558 0
559 32760.2
560 44812.8
561 7.42698
562 0
563 0
564 1202.77
565 42419.9
566 166.608
567 58688.6
568 0
569 0
570 21.1064
571 0
572 286.671
573 0
574 38.6445
575 395.419
576 0
577 0
578 0
579 18860.8
580 875.463
581 240.789
582 2453.57
583 2993.21
584 638.549
585 5.59759
586 830.918
587 24249.6
588 368.122
589 864.531
590 2829.73
591 0.703818
592 3752.94
593 0
594 0
595 16.8611
596 0
597 0
598 0
599 0
600 365442
601 6490.12
602 0
604 14620.5
605 0
606 312.603
607 359.965
608 68304.2
609 658.542
610 0
611 14845.6
612 0
613 14872.7
614 149.23
615 1227.8
616 376.551
617 58.8439
618 307.259
619 67.3318
620 490.275
621 0
622 2975.46
624 822.968
625 62.0362
626 36880.1
627 154.003
628 714.042
631 118.8
632 0
633 76908.4
634 90617.6
635 15534.1
636 4881.92
637 22700
638 0
639 1380.5
640 114.634
641 3.17311
642 3.74129
643 30072
644 75710
645 2339.13
646 1241.29
647 6412
648 0.936301
649 2633.46
650 37681.2
651 12.663
652 2.82767
653 1.56647
654 0
655 0
656 57955
657 1450.55
658 5597.79
659 14116.4
661 0
662 6.3474
663 168001
664 6614.32
665 349923
666 0
667 19887.8
668 656.492
669 0
670 14221.8
672 0
673 40152.7
674 685.961
675 1746.7
676 0
677 17929.4
678 0
679 20.5111
681 14544.2
682 15254.8
683 0
684 14816.4
686 33901.1
687 109.875
688 26.5554
689 6376.84
690 13.3457
691 3113.06
692 0
693 0
694 14152.9
695 51030.9
696 5591.16
697 73895.7
698 507.306
699 12.2412
700 549.61
701 86.3878
703 0
704 22634.4
705 3628.39
706 30006.7
707 32268.9
708 5092.38
709 0
710 46990.7
711 0
712 486.976
713 51.8239
714 47208.2
715 61018.1
716 0
717 324.238
718 0
719 2216.46
720 0
721 0
722 288166
723 237.267
724 23.4402
725 1668.41
726 2.69052
727 7508.28
728 16.607
729 0
730 11659.6
731 0
732 11.082
733 19159.9
734 0
735 0
736 5.22135
737 560217
738 344.67
739 81202.7
741 7672.49
742 63127.1
743 529.793
744 142.026
745 0.181818
746 8356.28
748 942.393
749 47275.8
750 6869.66
751 0
752 0
753 0
754 3.57097
755 0
756 79468.2
758 8.66625
759 22877.8
760 3439.19
761 51811.8
762 364366
763 53386.1
764 4352.78
765 51207.7
766 1.22152e+06
767 0
768 0
769 130427
770 6.44266
771 83026
772 0.477742
773 0
774 0
775 2.52195
776 0
778 2616.6
779 109.236
780 28.2619
781 135.467
782 59.5376
783 0
784 171012
785 0
786 0
787 3806.99
788 49895.7
789 464496
791 18782.3
792 1.5018
793 1709.25
794 15781
795 9187.15
796 125.997
797 28485.5
798 9944.32
799 0
800 0
801 120.565
802 22888.5
803 1594.68
804 15.258
805 42929
806 14280.2
807 0
808 34.2443
810 5897.51
811 8.13355
812 9.69602
813 181633
814 6.2158
815 1.65271
816 4170.44
817 37813.2
818 2.91755
819 0
820 3088.49
821 0
822 37202.7
823 981.324
824 14.9804
825 205550
826 152992
827 909.323
829 29359.9
830 10.304
831 1075.28
832 15.3746
835 0
836 3902.42
837 643.98
838 36657.6
839 82.3571
840 19007
841 6534.5
842 1442.33
843 0
844 25304.9
845 0
847 0
848 16.3548
849 6334.16
850 14.3551
851 1.54257
852 5722.07
853 6409.73
854 45318.7
855 0.301973
856 65394.1
857 66882.7
859 23955.9
860 17.1112
861 7647.72
862 2.01963
863 57816.5
864 602.382
865 44280.6
866 974.174
867 0
868 15050.5
869 155.033
870 1467.89
871 23756.1
872 1893.16
873 8124.63
874 0
875 20265.9
876 0
877 0.515924
878 20528.9
879 25942.3
880 0
881 15304.5
882 1299.49
883 4.59942
885 789.589
886 24.2472
887 17583.3
888 0
889 0
890 0
891 0
892 0
893 29802.1
895 2115.75
896 74774.7
897 2526.26
898 476.725
899 312.576
900 118.091
902 11.8887
903 5.15167
904 55961
905 5.09982
906 1225.86
907 5123.64
908 2800.79
909 1588.02
910 0
911 807.075
912 129.955
913 15625.8
914 87.2199
915 54.4809
916 53.3981
917 0
918 19412.3
919 0
920 197.93
921 18.3749
922 170258
923 0
924 0
926 43.2338
927 0
928 17108.5
929 14335.1
930 14732.9
931 0
932 12574.4
933 423.66
934 396.36
935 60212.4
936 366.022
937 26081.9
938 9327.03
940 0
941 115116
942 326.275
943 14075.4
944 26.2632
945 1962.47
946 53194.3
947 8273.59
948 31139.7
949 78.0552
950 208.082
951 0
954 2721.72
955 1296.38
956 7057.2
957 0.80734
958 13585.9
959 22419.5
960 26748.4
961 505.1
962 86.8502
963 19252.6
964 70.2322
965 0
966 16931.7
967 48306.1
968 4372.22
969 1.27312
970 95.848
971 24722.4
972 8783.83
973 4.38375
974 72406.7
975 50083.9
976 0
977 25698.5
978 83466.7
979 16854.8
980 0
981 735.712
982 26687.6
983 40.4946
984 241.286
985 2388.33
986 20281.7
987 0
988 193079
989 8997.46
990 0
991 16425.8
992 0
993 264714
994 23905.7
995 260.65
996 222042
998 855.562
999 4092.23
1000 35693.5
1001 0
1002 0
1003 638.849
1004 243.119
1005 3.11472
1006 64548.8
1007 793.637
1008 421.479
1009 8303.87
1010 68.5702
1011 52.1603
1012 11781
1013 1338.16
1014 7670.79
1016 0
1017 0
1018 23014.4
1019 0
1020 103.417
1021 0
1022 2734.32
1023 4904.5
1024 27832.6
1025 0
1026 238182
1027 110.983
1028 64.3272
1029 44448.4
1030 573.955
1031 52540.7
1032 22318.1
1033 6.32827
1034 4572.77
1035 22543.2
1037 25482.7
1038 14319.6
1039 737.263
1040 0
1041 6384.55
1042 6369.91
1043 9562.48
1044 44010.7
1045 0
1046 343.021
1047 0
1048 0
1049 61746.5
1050 3570.37
1051 11176.7
1052 16.6107
1053 10214.5
1055 158812
1058 0
1059 0
1060 2.68873
1061 612.136
1062 114426
1063 3487.21
1064 757.761
1065 264.771
1066 85.4546
1067 5.43423
1068 2.63363
1070 0
1071 0
1072 0
1074 18347.3
1075 58594.6
1077 447.581
1078 15.5782
1079 30.4615
1080 134216
1081 0
1082 25.5978
1083 5.13977
1084 51.4666
1085 42.857
1086 183.076
1087 16.1643
1088 0
1089 86.4123
1090 13.1704
1092 1306.14
1093 0
1094 0
1095 137.043
1096 0
1097 36169.1
1098 293070
1099 117.11
1100 16164.1
1101 0
1102 911.859
1103 35355.9
1104 0
1105 90.4842
1106 97.2585
1107 0
1108 0
1109 0
1110 0
1111 117594
1112 0
1113 213.511
1114 3188.82
1115 0
1120 0
1123 21878.8
1124 1119.33
1125 20186.1
1126 4.83175
1127 15239.1
1128 634.508
1129 5336.03
1130 0
1131 16651.4
1132 16628.7
1133 404486
1134 4.7426
1135 14706.1
1137 45797
1138 2.50735
1139 0.457697
1140 4027.13
1141 471.842
1142 6175.81
1143 275.158
1144 2027.59
1145 5.88921
1146 0
1147 5.18385
1148 0
1150 65.3954
1151 719889
1152 1104.22
1154 8927.76
1155 0
1156 29692
1157 91371.2
1158 0
1159 32647.4
1160 1523
1161 0
1164 30166.3
1165 13867.4
1166 1.27529e+06
1167 137618
1168 1307.1
1169 1757.92
1170 9.96156
1171 0
1172 0
1173 0
1174 0
1175 0
1176 0
1177 0
1178 0
1179 1298.3
1180 0
1181 0
1182 107.051
1183 147.303
1184 17646.1
1185 44193.3
1186 506279
1187 5.42287
1188 3.78204
1189 0
1190 25706.7
1191 15157.3
1192 359.134
1193 136941
1194 0
1195 12.583
1196 17936.6
1197 0.207908
1198 17.366
1199 62125.2
1200 30240.1
1201 41630.7
1202 4133
1203 41217.4
1204 9898.41
1205 0
1206 0
1207 3706.01
1208 0
1209 0
1210 115210
1211 185516
1212 22.9089
1213 0
1214 0
1215 16265.5
1216 0
1218 3656.95
1219 0
1220 14163.2
1221 8541.22
1222 5781.24
1223 0
1224 0
1225 0
1226 0
1227 0
1228 353.988
1229 0
1230 19949.9
1231 0
1232 3225.18
1233 254.259
1234 19572.9
1235 809.661
1236 15995.4
1237 60.5634
1238 0
1239 14866.6
1240 199.999
1241 26321.3
1242 63.1491
1243 1305.56
1244 4.65296
1245 38.0291
1246 45.0056
1247 45280.5
1248 10275.2
1250 11140.1
1252 0
1253 14984
1254 0
1255 0
1256 0
1257 0
1258 0
1259 37430.7
1260 2686.01
1261 16978.4
1262 2.84314
1264 0
1266 268.435
1267 63102.6
1268 0
1269 0
1270 21.8261
1271 0.919784
1272 0
1273 0
1274 0
1275 0
1276 0
1277 85433
1278 7066.46
1279 79492.6
1280 134.664
1281 91.1345
1282 7945.25
1284 36788.5
1285 31291.4
1286 55125.4
1287 25.185
1290 115.795
1291 11693.5
1292 45.5526
1293 1992.87
1294 0
1295 0
1296 33940
1297 333516
1298 0
1299 38.1557
1300 0
1301 0
1302 0
1303 0
1304 0
1305 244201
1306 484.313
1307 87668.7
1308 11.3306
1309 0
1310 35620
1311 0
1312 0
1313 0
1314 0
1315 18090.4
1316 60.4779
1317 0
1318 0.700661
1319 177980
1320 44.0706
1321 851.338
1322 26662.6
1323 17257.3
1324 0
1325 0
1326 14584.1
1327 0
1328 38.379
1329 11.6189
1330 1529.04
1331 65.5724
1332 0
1333 0
1334 0
1335 9145.03
1336 544.274
1337 0
1338 23.1403
1339 20.1031
1340 23.1852
1341 0
1342 98.9
1343 11.4687
1344 0
1345 0
1346 91.046
1349 4.31734
1350 13138.7
1351 0
1352 88793.7
1353 9182.57
1354 175.479
1355 62.4512
1356 1513.87
1357 44760.2
1358 2174.95
1359 50.0322
1360 40495.7
1361 0
1362 27.2536
1365 90.9685
1366 0
1367 3594.7
1368 4280.95
1369 0
1370 0
1372 2840.18
1373 21.146
1374 962784
1375 2850.22
1376 0
1377 19543.4
1378 6458.04
1379 0
1380 4640.87
1381 4402.69
1382 32232.6
1383 18.8893
1384 81755.6
1385 168187
1386 2801.17
1387 0
1388 0
1389 26078.8
1390 47900.1
1391 0
1392 1.90291
1393 7395.71
1394 22732.6
1395 50571.9
1396 659.592
1397 0
1398 0
1399 0
1400 24.8275
1401 108.719
1402 48433.9
1403 34613.2
1404 0
1405 0
1406 0
1407 26903.2
1408 0
1409 0
1410 0
1411 48284.9
1412 77229.4
1413 8550.83
1416 25677.7
1418 1199.1
1419 14738.1
1420 1234.28
1421 5.81561
1422 0
1423 57.2106
1424 3515.32
1425 23628
1426 0
1427 0
1428 157644
1429 2.23993
1430 0
1431 0
1432 14175.6
1433 0
1434 1.46361
1435 3956.64
1436 0
1437 32164.9
1438 0
1439 15755.1
1440 0
1441 48024.2
1442 21328.4
1443 1.22382
1444 35017.2
1445 0
1446 15059.1
1447 18.9191
1448 0
1449 0
1450 0
1451 0.854965
1452 0
1453 63429
1454 0
1455 0
1456 0
1457 47.9375
1458 0
1459 0
1460 0
1461 0
1462 10930.9
1463 1339.07
1464 104355
1465 1209.9
1466 1010.79
1467 271.135
1468 4568.11
1469 101.336
1470 48185.7
1471 73961.9
1472 5.38742
1473 117253
1474 6.64999
1476 2071.52
1478 233.139
1480 1551.36
1481 0
1482 23103.5
1483 3044.42
1484 23946.9
1485 1312.28
1486 154.926
1487 39659.9
1488 0
1489 49993.4
1490 2017.32
1492 83103.3
1493 30984.6
1494 0
1495 24.9777
1496 149553
1497 33945.5
1498 19343.1
1499 137.8
1500 12048.1
1501 19278.4
1502 0.344529
1503 6.08134
1504 60.7679
1505 6.8202
1506 31690.3
1507 1255.91
1509 0
1510 408.59
1511 0
1512 0
1513 16619.4
1514 15298.8
1515 0
1516 0
1517 0
1518 574.671
1519 0
1520 30154.6
1521 33652.2
1522 39165
1523 0
1524 15137.3
1525 38536.9
1526 7.5037
1527 0
1528 0
1529 8.85424
1530 625.956
1531 17798
1532 43.5164
1533 375.795
1534 33049.1
1535 0.557806
1536 0
1537 35211
1538 47570.1
1539 197.633
1540 0
1541 0
1542 244554
1543 0
1545 0
1546 0
1547 6122.21
1548 35092.4
1549 1.43857e+06
1550 50700.8
1551 0
1552 12988.1
1553 656.344
1554 256.6
1555 13301.5
1556 1677.54
1557 55.6104
1558 0
1559 0
1560 38.1081
1561 0
1563 34512.4
1564 42618.2
1565 1196.53
1566 14117.9
1568 0
1569 17648.3
1570 32.96
1571 10187.8
1572 13.4766
1573 5889.69
1574 0
1575 0
1576 0
1578 0
1579 0
1580 30914.6
1581 573.077
1582 68.2545
1583 15595.9
1584 0
1585 67544
1587 14394.3
1588 0
1589 156.871
1590 0
1591 0
1592 36043.1
1593 33420.6
1594 13841.5
1595 519.187
1596 36382.2
1597 1052.14
1599 1.00755
1600 1935.81
1601 13.4814
1602 0
1603 25059.1
1604 4011.66
1605 42.8727
1606 9.97886
1607 0.897376
1608 372539
1609 0
1610 1366.81
1611 0
1612 32732.9
1613 32135.6
1614 11315.1
1615 28024.2
1616 0
1617 0
1618 15892
1619 97.0027
1620 0
1621 41641.2
1622 67271.9
1623 4167.81
1625 2.33805
1626 8.6517
1627 0
1628 1371.11
1629 108.091
1630 0
1631 10.8798
1632 2.51494
1633 119487
1634 0
1635 0
1636 14.2813
1637 31864.7
1638 9694.46
1639 3532.94
1641 23897.1
1642 0
1643 0
1644 9165.07
1645 0.954328
1646 35740.8
1647 1504.27
1648 24766.1
1649 162.617
1650 0
1651 0
1652 24779.4
1653 4932.54
1654 3629.36
1655 0
1656 0
1657 322.061
1658 35674.7
1659 0
1660 0
1661 96886.9
1662 3426.77
1663 0
1664 14139.3
1665 0
1666 0
1667 10531.1
1668 56.4845
1669 1196.98
1670 292.036
1671 0
1672 583.98
1674 151.956
1675 1.15351
1676 0
1677 1.06786
1678 1363.02
1679 44950.2
1680 23400.9
1681 5.84577
1682 0
1683 0.498776
1684 39.2634
1685 0
1686 0
1687 14436.3
1688 45551
1689 81.0573
1690 0
1691 6016.71
1692 2826.12
1693 7.31298
1694 0
1695 0
1696 6.21509
1697 64448.9
1698 0
1699 0
1700 66718.1
1701 147367
1703 0
1704 0
1705 29650.8
1706 24709.2
1707 33832.2
1708 0
1709 69.1835
1710 0
1711 132.332
1712 0
1713 0
1714 15968.9
1715 0
1716 14462.6
1717 203670
1718 23567.1
1719 110.582
1720 497.77
1721 0
1722 419.149
1723 101034
1724 0
1725 0
1726 48428.3
1728 0
1729 36332.4
1730 21425.8
1731 0
1732 16643.5
1733 11512.7
1734 43268.9
1735 0
1736 0
1737 233.743
1738 15.833
1739 0
1740 0
1741 139.323
1742 36.2396
1743 0
1744 85487.6
1745 0
1746 33690.6
1747 1407.2
1748 26418.7
1749 15939.8
1751 2929.87
1752 2633.24
1753 0
1754 27652.1
1755 0
1756 9781.75
1757 6185.65
1758 30653.6
1759 6.79727
1760 0
1761 2.70361
1762 4704.62
1763 0
1764 3.95745
1765 9.6552
1766 1431.99
1767 34851.5
1768 492.656
1769 72891.2
1770 2767.58
1771 83.2481
1772 117922
1773 0
1774 23869.2
1775 0
1777 16815.9
1778 33.5039
1780 4286.95
1781 44602.4
1782 0
1783 43382.3
1784 0
1785 0
1787 2078.26
1788 504.314
1789 262.578
1790 1.27591
1791 7289.38
1792 9509.63
1793 261.874
1794 410.178
1795 1653.36
1796 1192.5
1797 0
1798 16573.5
1799 27000.2
1800 2017.31
1802 8054.96
1803 484.224
1804 0
1805 2024.07
1806 0
1807 156.113
1808 82593
1809 2.25233
1810 0
1811 85312.7
1812 43.1363
1813 1627.88
1814 52388.4
1816 32119.8
1819 289.603
1820 6569.26
1821 338.891
1822 26.9381
1823 23574.2
1825 0
1826 0
1827 5.17256
1828 9.04584
1829 3.48784
1830 5.2089
1831 5.2089
1832 82.0056
1833 1413.06
1834 0
1835 79667
1836 24610.4
1837 2506.57
1838 5260.52
1839 0
1840 5.2089
1841 0
1842 208721
1844 0
1845 0
1846 0
1847 39033
1848 2798.74
1849 82126.4
1852 0
1853 0
1855 190428
1856 0
1857 15674.1
1858 2187.5
1859 43571.2
1860 0
1861 494.727
1862 1.4335
1863 0
1864 8763.95
1865 26869.7
1866 0
1867 0
1868 252.363
1869 0.345091
1870 0
1871 0
1872 16.1922
1873 0
1874 112.496
1875 1161.32
1876 0
1879 154.496
1880 1496.6
1881 0
1882 0
1883 0
1884 1694.16
1885 2008.3
1886 9.57066
1887 0.326973
1888 44808.3
1889 0
1890 0
1891 3123.02
1892 3.71494
1893 38946.7
1894 0
1895 0
1896 6676.02
1897 0
1899 30.2568
1900 0
1901 16536.1
1902 0
1903 17326.1
1905 0
1906 0
1907 0
1908 88903
1909 0
1911 0
1912 15.9001
1913 0
1914 10.6534
1915 11143.6
1916 0
1917 0
1918 20250.7
1919 142137
1920 2814.45
1921 0
1922 61252.8
1923 0
1924 145.483
1925 1100.73
1926 0
1927 5591.97
1928 87.3496
1929 0
1930 0
1931 784.823
1932 0
1933 0
1934 0
1935 36487.4
1937 390.432
1938 0
1939 0
1940 74.5066
1941 0
1943 61.113
1944 0
1945 0
1946 22.6823
1947 91.5239
1948 848.959
1950 27.5309
1951 1153.09
1952 0
1953 2720.83
1955 161.919
1956 106400
1958 0
1959 0
1960 0
1961 15493.9
1962 527.766
1963 44623.6
1964 45439.8
1965 2501.07
1966 24235.8
1967 1455.78
1968 7.10881
1969 11424.7
1970 0
1971 0
1972 90953.6
1973 4113.29
1975 0
1976 119.63
1977 58524
1978 0
1979 2351.68
1980 2090.29
1981 5.19978
1982 149868
1983 1548.43
1984 21362.8
1985 37586.2
1986 599.24
1987 661.291
1988 0
1989 0
1990 41350.2
1991 19574.2
1992 25854.7
1993 3.89262
1994 0
1995 20.5104
1996 0
1997 36783
2000 0
2001 33104.5
2002 0
2003 12471.2
2004 15734.9
2005 0
2007 865.288
2008 0
2009 12918.6
2010 5996.26
2011 133.256
2012 4.99082
2013 0
2014 40395.7
2015 0
2016 25687
2017 0
2018 0
2019 0
2020 0
2021 0
2023 0
2024 0
2025 0
2026 0
2027 0
2028 0
2029 4.99082
2030 0
2031 0
2032 0
2033 1626.47
2034 0
2035 0
2036 0
2037 1427.98
2038 92.0536
2040 0
2041 16.3917
2042 0
2044 0
2045 0
2047 0
2049 3.76519
2050 9.56913
2051 0
2052 163.674
2053 4276.42
2054 13.4105
2055 1842.95
2056 0
2057 0
2058 0
2059 66.6137
2060 1810.33
2061 2.26078
2062 67300.4
2063 1357.46
2064 0
2065 3496.97
2066 155682
2067 13.8078
2068 78.2435
2069 2898.07
2070 0
2071 11115.7
2072 26457.6
2073 16216.6
2076 7482.87
2077 0
2079 945.556
2081 0
2082 0
2083 22.2026
2084 1449.37
2085 38577.3
2086 0
2087 0
2088 113.48
2089 0
2090 0
2091 36838.3
2092 576.709
2093 5206.41
2094 0
2095 69487.2
2096 1.4088
2097 5657.92
2099 4535.02
2100 0
2101 14535.8
2102 25227.2
2103 0.572789
2104 0.720659
2105 82.4251
2106 15407.3
2108 57.5584
2109 8100.42
2110 51.5239
2111 23.1432
2112 559.191
2113 28332
2114 58622.6
2115 1146.39
2116 17066.4
2117 27033
2118 15342
2119 530.582
2120 108957
2121 20.4962
2125 0.797609
2126 0
2127 32.4503
2128 8041.21
2129 6302.39
2130 170.187
2131 0
2132 0
2133 21426.5
2134 13982.4
2135 107090
2136 0
2137 14397.9
2138 0
2139 7.30019
2141 0
2142 34.5833
2143 0
2144 89300.9
2145 137548
2146 0
2147 0
2148 0
2149 5.41578
2150 0
2151 94896.5
2152 6.0423
2153 48.3474
2155 0
2156 2084.12
2157 19293.5
2159 100.244
2160 120130
2161 2.7199
2163 14237.9
2164 0
2165 5017.91
2167 0
2168 14405
2169 1182.28
2170 5.72827
2171 168.499
2172 2706.24
2173 0
2174 56934.6
2175 0
2176 336.716
2177 8.05117
2178 996.334
2179 0
2180 0
2181 32152.9
2182 63935.4
2183 0
2184 189.933
2185 14598.4
2186 5345.61
2187 0
2188 0
2189 0
2190 0
2191 0
2192 200.826
2193 57930
2194 18.9539
2195 1747.49
2196 41.2449
2197 51.5269
2198 30.6118
2199 0
2200 5.63619
2201 0
2202 15954.5
2203 0
2204 0
2205 740.752
2206 2212.48
2209 16401.1
2210 70260.7
2211 1450.83
2212 0
2213 0
2214 1.92561
2215 1900.89
2216 0
2217 268.653
2218 0
2219 0
2221 0
2222 0
2223 17817.4
2224 2.93318
2225 21712.8
2226 1674.19
2227 1.58421
2228 0
2229 33090.5
2230 6132.75
2231 38117.6
2232 184.908
2233 2184.34
2234 15693
2235 0
2236 2776.14
2237 780009
2238 0
2239 0
2240 139633
2241 16593.3
2242 15381.8
2243 0
2244 14.9904
2246 19929.9
2247 85.7781
2249 3421.04
2250 2.66374
2251 68127
2252 47103.6
2253 689.022
2254 7.25831
2255 552.455
2256 304833
2257 21674.1
2258 33294.6
2259 0
2260 0
2261 0
2262 0
2264 64563.1
2265 0
2266 0
2267 0
2268 0
2269 20.2036
2270 0
2272 912.495
2273 53131.2
2274 5146.87
2276 53635.8
2277 15645.7
2278 91.064
2280 0
2281 160.657
2282 94.0581
2283 0
2285 309133
2286 2.85002
2287 1.24443
2288 0
2289 36712.6
2290 79165.5
2291 0
2292 0
2293 0
2294 31220.2
2295 13.9689
2296 8.26184
2297 127040
2298 3087.89
2299 8742.71
2300 0
2301 0
2302 0
2304 0
2305 0
2306 21.0413
2307 29584
2308 0
2309 28.8213
2310 0
2311 0
2312 0
2313 0
2314 44.5582
2315 0
2316 160.43
2317 25.1269
2318 25.1269
2319 37.8672
2320 25.1269
2321 160.43
2322 19708.2
2323 143266
2324 31079.2
2325 25430.8
2326 99877.1
2328 645802
2329 763.449
2330 16.127
2331 5.24407
2332 10109
2333 22760.6
2334 0
2335 0
2336 0
2337 0
2338 25271.5
2339 59666.8
2340 736.332
2341 2964.58
2342 177.169
2343 74.4271
2344 0
2345 16786.9
2346 73.3481
2348 1593.91
2349 5.81323
2350 3355.34
2351 0
2352 2.18778
2353 0
2354 88591
2355 0
2356 15962.6
2357 80.5674
2359 0
2360 0.604017
2361 0
2362 14155.3
2363 7.13164
2364 24352.2
2365 21297.6
2366 847.466
2367 70.0973
2368 350.329
2369 167843
2370 2.17949
2371 89926.3
2372 210.732
2373 0
2374 0
2375 36992
2376 2493.65
2378 70.7239
2379 3499.96
2380 0
2381 54630.2
2382 0
2384 61742.1
2385 4385.74
2386 934.262
2387 9704.81
2388 0
2389 0
2390 2.9564
2391 0
2392 0
2393 10.2959
2394 0
2395 0
2396 0
2397 79760.4
2398 456781
2399 0.246738
2400 7413.06
2401 0
2402 7.06255
2403 3.95611
2404 0
2405 0
2406 2.97173
2407 3.95477
2409 1993.96
2410 18725.5
2411 152611
2412 15.1316
2413 0.701984
2414 428.08
2415 9.36375
2416 10950.8
2417 142.909
2418 0
2419 0
2420 14128
2422 1.38187
2423 5.98016
2424 0
2425 14273.3
2426 2979.56
2427 578.682
2428 0
2429 1.22479
2433 74522.8
2434 0.830242
2435 11995
2437 38.2687
2438 0
2439 0
2440 40711.5
2441 0
2442 0
2443 0
2444 618.882
2445 0
2446 0
2447 0
2448 0
2449 0
2450 0
2451 38.2687
2452 7619.01
2453 0
2454 0
2455 0
2456 40273
2457 0
2458 693.137
2459 0
2460 0
2461 0
2462 84.726
2463 0
2464 0
2465 0
2466 0
2467 248.86
2469 2.23729
2470 597645
2471 0
2472 6628.46
2473 6160.21
2474 67146.8
2475 16224.5
2476 444.455
2477 0
2478 40.9843
2479 16862.8
2480 41.0946
2481 96.5381
2482 0.719866
2484 2900.26
2485 462645
2487 0
2488 406.624
2489 0
2490 51310.7
2491 0
2492 0
2493 256.377
2494 0
2495 0
2496 77.642
2497 1357.79
2498 0
2499 2267.72
2500 2.2256
2501 9328.74
2502 5177.29
2503 2.39313
2504 138398
2505 0
2506 63248.2
2507 11438.1
2508 84249.2
2509 202.43
2510 25309.8
2511 20166.1
2512 0
2513 0
2514 0
2515 0
2516 100916
2517 79755.5
2518 90.1628
2519 0
2520 0
2521 0
2522 0
2523 222.841
2524 188.104
2526 0
2527 34.1681
2528 0
2529 0
2530 0
2531 16.8105
2534 0
2535 335304
2536 0
2537 0
2538 0
2540 0
2541 2838.15
2542 68615.8
2543 0
2544 60286.8
2545 120.925
2546 640.971
2547 50358.2
2548 49.3774
2549 8650.79
2550 47605.7
2551 0.977421
2552 406.985
2555 34.3062
2556 0
2557 9626.82
2558 3.63728
2559 9469.96
2560 107547
2561 0.859955
2562 11.9088
2563 2.1926
2564 3516.82
2565 3.26935e+06
2566 2172.55
2567 40.3291
2568 143.087
2569 33.9518
2570 4141.68
2571 240.137
2572 90.8903
2573 0
2574 9.36686
2575 16546.8
2576 328049
2577 0.257282
2578 73.8834
2579 16562.5
2580 5237.06
2581 0
2582 0
2583 0
2584 0
2585 51507.6
2586 8.10483
2587 60903.7
2589 4179.57
2591 3048.46
2592 13151.4
2593 74653.8
2594 100762
2595 42430.2
2596 293.513
2597 3418.15
2598 44.0523
2599 6911.87
2603 0
2604 14728.7
2605 19771.5
2606 0
2607 1692.98
2608 314.074
2609 77.2191
2610 0
2611 377.084
2612 27077.5
2613 1044.37
2614 38.2095
2615 2.09385
2616 0
2617 9144.19
2618 14848.5
2619 39440.9
2620 51876.7
2621 99.2412
2623 105037
2624 0
2625 462941
2626 2.73702
2627 0
2628 0
2629 4541.84
2630 0.284557
2631 0
2632 0
2633 0
2634 0
2635 0
2636 0
2637 0
2638 227.074
2639 0
2640 0
2641 0
2642 0
2643 182869
2644 0
2645 14289.7
2646 12678.3
2647 2160.66
2648 0
2649 0
2650 15340
2651 346463
2652 14478.5
2653 111575
2654 385443
2655 50276.4
2656 0
2657 162155
2658 351865
2659 72.9615
2660 181303
2661 0
2662 32738.2
2663 0.751851
2664 0
2665 38220.7
2667 127138
2668 0
2669 14898.4
2670 71.0297
2671 0
2672 166.316
2673 0
2674 34666.5
2675 0
2676 61.8849
2677 1401.44
2678 0
2679 0
2680 43.5198
2682 0
2683 348.084
2684 0
2685 40965.9
2686 83408.1
2687 3896.76
2688 648250
2689 25543
2690 260.86
2691 1934.48
2692 211.908
2693 127730
2694 441.383
2695 17.1502
2696 34233.2
2697 37618.4
2698 70.9936
2699 6372.51
2700 38650.5
2701 143.44
2702 9128.66
2703 2385.28
2704 7779.95
2705 0
2706 206.936
2707 86974.4
2708 25439.8
2709 0
2711 265.616
2713 62806.3
2715 0
2716 0
2717 0
2718 0
2719 352.666
2720 1319.27
2721 2547.2
2722 0
2723 0
2724 31758.7
2725 0
2727 19075.3
2728 2.8891
2729 0
2730 0
2731 0
2733 50.7053
2734 0
2736 14253.5
2737 177.191
2738 126.566
2739 0
2740 340.532
2741 0
2744 3887.3
2746 46841.2
2747 78372.7
2748 0
2749 0
2751 29.6344
2752 125.129
2753 0
2754 19937.6
2755 0
2757 63.2808
2758 1.48046
2759 0
2760 26344.5
2761 0
2762 10.4094
2763 43359.2
2764 46699.7
2765 26237
2766 0
2767 0
2768 4715.37
2769 0
2770 29807.2
2771 0
2772 0
2773 0
2774 105490
2775 125100
2776 0
2777 19419.5
2778 1832.15
2779 0
2780 39.9613
2781 15225
2782 0
2783 0
2784 0
2785 112071
2786 0
2787 36710.4
2788 1.87088
2789 1.38289
2790 179690
2791 129.897
2792 320.764
2793 53.2035
2794 16451.1
2796 311.504
2797 294.124
2798 0
2799 26369.2
2801 4677.01
2802 169.57
2803 0
2804 115.979
2805 20180.9
2807 122.022
2808 3.51361
2809 10923.7
2811 14092.3
2813 0
2814 24687.3
2815 16766.5
2817 0
2818 9127.86
2819 17518.6
2821 5307.44
2822 60028.9
2823 0
2824 0
2825 28498.8
2826 0
2827 0
2828 3588.32
2830 21380.9
2831 44100.7
2832 18699.2
2833 38.1895
2834 11537.9
2835 0
2838 2189.27
2839 30.8209
2840 313.664
2841 0
2842 30555.5
2843 553.271
2844 117.6
2845 7.84189
2846 0
2847 0
2848 0
2849 0
2850 0
2851 83660.1
2852 8.95711
2853 0
2855 263.164
2856 28520.2
2857 0
2858 6.80125
2859 116370
2860 61.9479
2861 0
2862 150.732
2863 193.781
2864 0
2865 6.10135
2866 163.539
2867 73.6128
2868 0
2869 0
2870 0
2871 405497
2872 8940.12
2875 75.3707
2876 0
2877 85574.2
2879 0
2880 65791
2881 0
2882 0
2883 1229.42
2884 0
2885 31.1769
2886 86.3833
2887 0
2888 0
2889 856.762
2890 0
2891 0
2892 0
2893 0
2894 0
2895 0
2896 0
2898 0
2899 0
2900 41926.8
2901 11.707
2902 2309.35
2903 154.114
2904 155.755
2905 21.4319
2906 442.403
2907 441.973
2908 954.968
2909 44819.2
2910 46.9308
2912 5427.39
2913 83.3028
2914 1168.19
2916 0
2917 30997.7
2918 15211.6
2919 0
2921 0
2922 2738.56
2923 71463.8
2924 1.03935
2925 11577
2926 1657.43
2928 1733.53
2929 0
2930 0
2931 70.9774
2932 60320.5
2933 36.181
2935 680.263
2936 256.48
2938 0
2939 436.747
2940 123893
2941 311.082
2944 0
2945 0
2946 30254.6
2947 16.6677
2948 517.152
2949 0
2950 92.1481
2951 17637
2952 0
2953 57.9485
2954 0
2955 39199.7
2956 1.26047
2957 0
2958 58456.7
2960 0
2961 0
2962 0
2963 60842.9
2964 3993.73
2965 0.860977
2966 9436.37
2967 82996.8
2968 20472.4
2969 2.21793
2970 0
2971 0
2972 356853
2973 4672.49
2974 20788.2
2975 0.624286
2976 269.842
2977 2553.23
2978 32.0529
2979 477.241
2980 0
2981 26892.5
2982 0
2983 1620
2985 12.5027
2986 1.70275
2987 23.5636
2988 5100.69
2989 12.8577
2990 19.2648
2991 10136.9
2992 0
2993 26983
2994 22.1886
2995 110.184
2996 549.238
2998 1.42676
2999 36342.8
3000 11722.8
3001 15.9882
3002 23111.7
3003 0
3004 0
3005 52750
3006 357.072
3007 21951.7
3008 0
3009 16788.1
3010 55254.8
3011 0
3012 0
3013 0
3014 47053.9
3015 14025.7
3016 1.53887
3017 0.179656
3018 79119.1
3019 0
3020 47459.7
3021 6459.27
3022 0
3023 4.37973
3024 78926.7
3025 15.162
3026 115376
3027 85448.5
3028 233415
3029 3915.66
3030 50521.1
3031 1147.51
3032 81732
3033 25647
3034 99012.2
3035 282.021
3036 14148.6
3037 20.9232
3038 0
3039 50.5332
3040 108.511
3041 173.542
3042 0
3043 0
3044 11.4668
3046 129.886
3047 138.985
3048 0
3049 13.3497
3050 16471.5
3051 0
3052 0
3053 21.8514
3054 0
3055 2461.24
3056 49863.5
3057 4262.57
3059 60270.6
3060 5.75803
3061 0
3062 852.379
3063 89.7843
3066 0
3068 1355.23
3070 2.80202
3071 0
3072 400.044
3073 8636.22
3074 0
3075 0
3076 0
3077 3.77132
3078 0
3080 40.1387
3081 968.767
3082 733.633
3083 0.91959
3084 121973
3085 0
3086 74.4719
3087 20.7954
3088 6298.71
3089 193995
3090 694.646
3091 0
3092 64398.4
3093 0
3094 44.6287
3095 869.975
3096 3.13237
3097 0
3098 708.821
3099 33396.6
3101 0.264201
3102 0
3103 18859.8
3104 14383.2
3105 0
3106 37986.5
3107 33.231
3108 26.5032
3109 1888.61
3110 336.81
3111 0
3112 0
3113 0
3114 7848.97
3115 34.6419
3117 104671
3118 0
3119 6.803
3120 20.8538
3123 1.54962
3124 2.09385
3125 39497.4
3126 724.096
3127 13537.8
3128 0
3129 2.09385
3130 28645.9
3131 0
3132 40.4992
3133 0
3134 0
3135 0
3136 76700.8
3137 24.4663
3138 155.05
3140 30124.5
3142 8761.78
3143 0
3144 49933.5
3145 1658.5
3146 0
3147 6.42585
3148 41880.9
3149 0
3150 18558.9
3151 0
3152 0
3153 0
3154 0
3155 301.798
3156 0
3158 0
3159 263.014
3160 31.4558
3162 8.66722
3163 0
3164 59031.1
3165 0
3166 0
3167 0
3168 5928.11
3169 0
3171 154.52
3172 107.63
3173 34981.5
3174 0
3175 1320.16
3176 134.679
3180 4969.85
3181 16.1069
3182 0
3183 1.1208
3184 0
3185 1.81077
3186 0
3187 0
3188 1704.61
3189 107.022
3190 138.978
3191 27742
3192 151760
3193 210.841
3194 0
3195 0
3196 124.144
3197 9.0271
3198 0
3199 98.1497
3200 15638.1
3201 0.888719
3202 30.7808
3203 0
3204 0
3205 0
3206 0
3207 0
3208 4.22017
3209 3494.52
3210 78.9652
3211 0
3212 0
3213 0
3214 0
3215 0
3216 0
3217 0
3218 0
3219 0
3220 0
3221 0
3222 0
3223 0
3224 0
3225 90.7056
3226 0
3227 856.519
3228 0
3229 0
3230 0
3231 0
3232 0
3233 142.002
3234 0
3235 72052.9
3237 2.12122
3238 101629
3239 1.66488
3240 0
3241 0
3242 53.2045
3243 29679
3244 0
3245 0
3246 5.55098
3247 0
3248 0
3249 14.3822
3250 1.28306
3251 8097.26
3252 467.028
3253 11884.4
3255 163.114
3256 414.04
3257 0
3258 44655.2
3259 25.5827
3260 44084.1
3261 0
3262 24.2934
3263 0
3264 0
3265 55707.6
3266 14.6536
3267 0
3268 0
3269 95.4493
3270 24.9057
3271 156.588
3272 4.61857
3273 0
3274 34647.6
3275 344.871
3276 59841.9
3277 0
3278 2.77206
3279 2.91127
3280 9.16454
3281 0
3282 3.38037
3284 41349.4
3285 124.063
3288 0
3290 1625
3291 93641.3
3292 84.3014
3293 13933.9
3294 0
3296 0
3297 16745.1
3298 0
3299 0
3300 4.53052
3301 381.445
3302 0
3303 0
3304 513.997
3305 55.9088
3306 164.134
3307 75266.2
3309 22617.9
3310 7193.4
3311 0
3312 0
3313 2413.48
3314 0
3315 152.436
3316 2.96079
3317 51.5479
3318 0
3319 242.693
3320 2102.9
3321 51658.2
3322 0
3323 3.28683
3324 1074.39
3325 16.21
3326 149.902
3331 0
3332 0
3333 242.569
3334 281895
3335 0
3338 4250.77
3339 0
3340 92.6548
3341 0
3342 0
3343 125.373
3344 0
3345 1674.37
3346 18163.3
3348 102223
3349 19.3546
3350 1672.2
3351 7245.15
3352 518409
3353 0
3354 81.459
3355 1.54507
3356 0
3357 3.52331
3358 0
3359 0
3360 0
3361 0
3362 0
3363 0
3366 9657.64
3367 10.793
3368 0
3369 0
3370 0
3371 55973.5
3373 102.077
3374 8.57467
3375 1886.16
3376 5275.68
3377 9.1475
3378 5278.55
3379 149.857
3380 5997.58
3381 56705.8
3382 0
3383 0.125115
3384 0.558762
3385 0
3386 55.9268
3388 267.027
3389 8.75542
3390 3523.6
3391 5.49462
3392 1383.16
3393 21443.9
3394 94892.3
3395 0
3396 0.904147
3397 9.93241
3398 0
3399 11.9398
3400 0
3401 0
3402 18415.6
3403 27.7733
3404 73649.8
3405 0
3406 8.65269
3407 0
3408 73750.7
3409 45.4144
3410 104.415
3411 0
3412 0
3416 0
3417 30238.8
3418 0
3422 6.62528
3423 0
3424 0
3425 58.9694
3426 0
3427 0
3429 39.1223
3433 24813.3
3434 0
3435 3773.74
3436 0
3437 0
3438 0
3439 60454.4
3440 0
3441 1.28276
3443 117654
3444 1.27183
3445 605.163
3446 67.5419
3447 269837
3448 1.04636
3449 112739
3450 215.156
3451 14391.5
3452 63406.3
3453 337986
3454 103424
3455 20651.8
3456 360546
3457 47842.7
3458 33531.9
3459 209985
3460 62680.7
3461 37819.4
3462 4543.46
3463 14559.6
3464 4304.6
3465 127.503
3466 557.452
3467 0
3468 1.27441
3469 423.912
3470 231.7
3471 17.4758
3472 993.378
3473 29394.5
3475 0
3477 1128.74
3478 2004.58
3479 51745.1
3480 83957.5
3481 277.653
3482 283.589
3483 17579.8
3486 12.8288
3487 0
3488 222.969
3489 27463.3
3490 3.69448
3491 25.1269
3492 65.8091
3493 0
3494 0
3495 160.43
3496 74.2542
3497 0
3498 93654.3
3499 196.741
3500 0
3504 0
3506 664.331
3508 117.877
3509 0
3510 0
3511 0
3512 23.5749
3513 0.298964
3514 0
3515 4.4203
3516 70850.4
3518 11.2828
3519 1044.07
3520 3655.25
3521 1234.12
3522 10723.1
3523 380.81
3524 0
3525 123.877
3526 11.3567
3527 4910.41
3528 346.827
3529 20795.9
3530 7.11056
3531 0
3532 1.99484
3535 40.5448
3536 15.814
3537 170894
3538 1968.44
3539 0.613613
3540 13.5752
3541 50499.2
3542 12.0376
3543 1.81541
3544 21.1577
3545 7.4871
3547 61.1011
3548 4319.94
3549 168.59
3550 0
3551 0
3552 0
3553 19.2274
3554 5727.98
3555 1602.05
3556 266.835
3557 19635.7
3558 0
3560 1883.6
3561 10.169
3562 132003
3563 9.34369
3564 2.25684
3565 0
3566 0
3567 2046.54
3568 176301
3569 1398.25
3571 4359.37
3576 15241.4
3577 0
3578 14128
3579 1.90235
3580 45748.4
3581 0
3582 0
3583 6.20547
3584 0
3585 2.7463
3586 213947
3587 89079.8
3589 1.97507
3590 0
3591 14256
3592 0
3593 2961.1
3594 15.0899
3595 0
3596 0
3597 28.0283
3598 19.2333
3599 0
3600 275.889
3601 5093.92
3602 0
3603 227.333
3604 0
3605 0
3606 0
3607 29272.9
3609 633.192
3610 2.47219
3611 271.089
3613 0
3614 83234.5
3615 70898.8
3616 14147.1
3617 0
3618 0
3619 0
3620 0
3621 0
3622 219.685
3623 4.25167
3624 5756.39
3625 5.7744
3628 0
3629 15779.8
3630 441.235
3631 110572
3632 0
3633 1926.33
3634 118374
3635 47475.3
3636 140.649
3637 14.0261
3638 0
3639 115.102
3640 0
3641 79833.4
3642 230560
3643 64798.5
3645 70068.5
3646 4906.8
3647 44.9704
3648 42.2252
3649 0
3650 78100.6
3651 0
3652 0
3653 0
3654 0
3655 51.3138
3656 6.52111
3657 0
3658 1661.73
3659 1361.95
3660 21075.8
3661 19773.3
3662 191.756
3663 0
3664 18210
3665 686.617
3666 28945.6
3667 31.721
3668 0
3669 14143.5
3670 1025
3671 4.69858
3673 8.66278
3674 0.506186
3675 0
3676 0
3677 0
3678 154.465
3679 8.4987
3680 14666
3681 3484.36
3682 4842.03
3683 250.626
3684 0
3685 0
3686 4.73234
3687 0
3688 55.9111
3689 0
3690 0
3691 101974
3692 116.825
3693 0
3694 0
3695 0
3696 0
3697 0
3698 0
3700 665.954
3701 6.45661
3702 0
3703 0
3704 0
3705 1.32856
3706 0
3707 0
3708 0
3709 71.2444
3711 0
3712 0
3713 28263.4
3714 60.0973
3715 0
3717 20758.6
3718 0
3719 46.1138
3720 32498.3
3722 16.5323
3723 67.4646
3724 31776.7
3725 3.69655
3726 7620.19
3727 0
3728 17305.9
3729 142.913
3730 0
3731 203.568
3733 0
3735 0.31115
3737 26.7919
3742 9.6352
3743 277.061
3744 1.97926
3745 1375.96
3746 0
3747 51.5466
3748 74845.1
3749 0
3750 0
3751 148.677
3752 13855.3
3753 0
3754 7.5282
3755 148582
3757 0
3758 0
3759 0
3760 0
3761 3.67854
3762 71.2872
3763 7.00194
3764 114.861
3765 0
3766 62.7165
3767 493.351
3769 10655.2
3770 3532.89
3771 5.61633
3772 1688.33
3774 0
3775 241.21
3776 14696.1
3777 14232.8
3779 1.99516
3780 8.09398
3781 0
3782 8.92686
3783 0
3784 0
3785 1063.19
3786 41380.6
3787 149190
3788 0.613027
3791 0
3792 52924.7
3794 7715.15
3795 0
3796 124867
3797 14128
3798 620.489
3799 3.89674
3800 13334.9
3801 0
3802 28.621
3803 35869.9
3804 2832.4
3805 0
3806 31729.1
3807 33513.8
3808 154.705
3809 1445.19
3810 0
3811 14189.4
3812 44281.5
3813 51747.4
3814 1584.2
3815 313.015
3816 214.021
3817 0
3819 109.095
3821 0.797292
3822 318.603
3823 2.16721
3824 0
3825 0
3827 1.08886
3829 0
3830 44648
3832 4.14688
3833 5.53968
3834 0
3835 31210.1
3836 0
3837 0
3839 10.052
3840 0
3841 0
3842 3247.4
3843 32767.3
3844 0
3845 48.782
3847 19157.9
3848 0
3849 15009.9
3850 0
3851 0
3854 41098.6
3855 23.9236
3856 633.649
3858 0
3862 1.6948
3863 12.9698
3864 0
3865 0.459248
3867 173.295
3869 4.22017
3870 2.70091
3871 21855.6
3872 482.998
3873 29896.2
3875 26.179
3876 10.0498
3877 196.793
3878 0
3880 1.07122
3881 0
3882 0
3883 0
3885 3456.34
3886 0
3887 20158.5
3888 1486.98
3889 4.6355
3890 15.3476
3891 0
3892 55802.3
3893 10.5312
3894 0
3895 0
3896 0
3897 138745
3898 34658.5
3900 9.81685
3901 0
3902 1634.86
3903 24124.8
3904 0
3905 1.32309
3906 0
3907 0
3908 0
3909 0
3910 80871.6
3911 193.14
3912 726.581
3914 94.8951
3916 2640.51
3917 1120.04
3918 8.40683
3919 19054.5
3920 29.4221
3921 39.6896
3922 5074.02
3923 0
3924 14.1647
3925 47.5026
3926 6286.37
3927 0
3928 0
3929 12.4952
3930 75.9048
3931 0
3932 45.4158
3933 2531.51
3935 0
3936 0
3937 31511.6
3939 12.068
3941 0
3942 14164.9
3943 0
3944 0
3945 0.653748
3946 11992.5
3947 1.05351
3948 345.962
3949 959.546
3952 0
3953 0
3954 0.442652
3955 2.70511
3956 47008.3
3957 0
3958 53601.8
3959 0
3960 831.835
3961 102.276
3962 68370.5
3963 0
3964 0
3965 14195.8
3966 0
3967 19653.2
3968 0
3969 56856.8
3970 35667.3
3971 568.076
3973 2841.37
3974 60.4002
3976 288744
3977 213.635
3978 2.83232
3979 3.94779
3980 99.5926
3981 0
3982 465.908
3983 13.45
3984 16.5158
3985 1952.59
3986 0
3987 0
3989 0
3990 0
3991 71.6845
3992 0
3995 2001.16
3997 0
3998 1.56391
3999 15.2876
4000 11.379
4001 1284.68
4005 0
4006 0
4007 75.1793
4008 45.1044
4009 468.487
4010 0
4011 36572.5
4012 29.8233
4013 16278.8
4014 0.979184
4015 5.52142
4016 0.626496
4019 0.249035
4020 9.40833
4021 17613
4023 5.34077
4024 9365.06
4025 0
4026 4.51391
4027 115.367
4028 0
4030 52.2226
4031 102.068
4034 5.37786
4035 0
4036 29881.7
4037 1.4386e+06
4038 0
4039 29.1581
4040 123648
4041 135335
4042 168.12
4043 19458.7
4044 75465.2
4045 93605.5
4046 18244.4
4047 25.7387
4048 0
4049 14259.8
4050 0
4051 16471
4053 0.815441
4055 54367.9
4056 738.032
4057 0
4058 353.398
4059 26.1232
4061 0
4062 4.37403
4063 1087.28
4064 0
4065 53300
4066 16.3648
4067 0
4068 108.105
4069 0
4070 13578.6
4071 21038.6
4072 21433.7
4073 22623.6
4074 752.705
4075 0
4076 19655.9
4077 5474.32
4078 362.764
4079 12.9269
4080 0
4082 325.174
4083 0
4085 0
4086 14128
4088 321.318
4089 9.93437
4090 0
4091 0
4092 0
4093 0
4095 0
4096 0
4097 0
4098 34280.8
4099 248035
4100 0
4103 6674.35
4104 7.039
4105 0
4106 0
4107 0
4108 0
4109 0
4110 117979
4111 381.154
4116 599.717
4117 300.365
4119 14.3299
4120 0.231101
4121 0
4122 0
4123 499.879
4124 77191.3
4125 2.30893
4126 1.98121
4127 5816.31
4128 28262.8
4129 106.23
4130 7.39628
4131 0
4132 0
4133 1.38225
4134 23382.4
4135 0
4136 625.713
4137 53.4619
4138 29953.8
4139 0
4140 583.075
4141 5.13213
4142 1459.03
4143 0
4144 10709.3
4145 2.52613
4146 0
4147 4.54032
4148 93.4691
4149 2.89801
4150 303.937
4151 7330.73
4152 914.895
4153 0
4154 0
4155 3.63823
4159 6.14265
4162 25372.4
4163 0.431307
4164 7.19608
4165 0
4166 0
4167 0
4168 0
4169 379.185
4170 0
4171 14131.7
4173 557.138
4174 0
4175 63720.6
4176 0
4177 0
4178 16.8412
4179 82901.2
4180 0
4181 19203.6
4183 22.6893
4184 0
4185 0
4186 43.7898
4187 209.558
4188 5.70879
4189 15978
4190 0
4191 370601
4192 48.4913
4194 2.41014
4195 0
4197 34.0562
4198 0
4199 18516.8
4200 106.534
4201 111197
4202 0
4203 0
4204 8.14431
4205 175.995
4206 0
4207 0
4208 8.7235
4209 0
4210 0
4211 9294.53
4212 57593.1
4213 7.444
4214 9.53779
4215 0
4216 439.591
4217 0
4218 15623.6
4219 25978.5
4220 16079.8
4221 2721.04
4222 2096.38
4223 57.0588
4224 555.414
4225 0
4228 0.0321161
4229 2.68434
4231 1665.12
4232 30.652
4233 12255.7
4234 16607.6
4235 14178.9
4236 0
4237 14128
4238 0
4240 0
4241 0
4242 0
4243 0
4244 0
4245 2.02835
4246 0
4247 183773
4248 0
4249 0
4250 0.670504
4251 0
4252 5.54155
4254 20.093
4255 41.2805
4256 56154.5
4257 2.49074
4259 0
4260 0
4261 259119
4263 44791.3
4264 0
4265 58.999
4266 33642.1
4267 0
4269 21706
4272 6.3651
4273 1445.02
4274 0
4275 0.53391
4276 10206.9
4277 0
4278 0
4279 0
4280 0
4282 136.218
4283 0
4284 0
4285 0.838589
4289 3999.51
4290 5750.06
4291 62.3755
4292 4.30958
4295 157.913
4296 0
4297 64918.5
4298 6738.76
4299 20317.6
4303 8.02355
4304 0
4305 0
4306 0
4307 13.6906
4308 221.601
4310 349260
4311 8.96203
4312 42.809
4313 28.6028
4314 19.7972
4315 48803.8
4316 27.6807
4317 8.9121
4318 30.7626
4319 3.84894
4320 0
4321 0
4322 0
4323 3508.3
4324 101.707
4325 1.14462
4326 37.6743
4327 0
4328 0
4329 114.472
4331 185.931
4332 5.57646
4333 0
4334 0
4335 217222
4336 0
4337 0
4338 78963.2
4340 0
4341 26831.7
4342 340.034
4343 99.8411
4344 10.9214
4345 18.2522
4346 0
4347 5925.15
4348 0
4349 58555.4
4351 1007.18
4352 0
4353 9033.78
4354 15.6721
4355 5562.16
4357 0
4358 0
4359 12.2048
4360 0
4361 51533.6
4362 0
4363 563.726
4364 2975.1
4365 35048.8
4366 2.0571
4368 0
4369 4.67796
4370 0
4371 59.0947
4372 0
4373 55619.7
4375 8.6697
4377 164.141
4378 0
4379 12.0785
4380 0
4381 0
4382 0
4383 39.4952
4384 84198.8
4385 154.111
4386 67.8444
4389 0
4393 0
4394 0
4395 48.2941
4396 0
4397 0
4398 302.18
4399 0
4400 59888.1
4401 43796.8
4402 96372.3
4403 205.07
4404 0
4405 0
4406 0
4407 0
4408 0
4409 227.036
4411 125.546
4412 10344.4
4413 0
4414 0
4415 785.849
4416 209.441
4417 19227.8
4418 0
4422 23346.1
4423 0
4424 22371.2
4425 3.02515
4426 11.2122
4427 0
4428 189.123
4429 96.6304
4430 48.0559
4431 36.5516
4432 32537.2
4433 545.316
4434 0
4435 11824.9
4436 0.948504
4437 7412.54
4438 240.765
4439 0
4440 9.61335
4441 77339.1
4442 261.781
4443 37.6741
4444 0
4445 0
4446 0
4447 340.173
4448 52380.1
4449 0
4450 0
4451 122.541
4452 0
4453 46973.8
4454 0
4455 15897
4456 24.9489
4457 0
4458 11.5906
4459 23.1169
4460 0.819057
4461 0
4462 0
4463 69634
4464 0
4465 15.2313
4466 348.522
4467 0
4468 18415.4
4469 0
4470 0
4471 14165.1
4473 0
4474 10.7694
4475 0
4476 1677.01
4477 27.1289
4478 0
4479 0
4480 63812.9
4481 4.6475
4482 3676.02
4483 112187
4485 53289
4486 14973.9
4487 3340.1
4488 16275.5
4489 389.791
4490 0
4491 0
4492 0.253114
4493 0
4494 0
4495 0
4496 16.9584
4497 0
4498 0
4500 32685.8
4502 0.957744
4503 0
4504 1.06422
4507 47289.7
4508 0
4509 47.5456
4510 13399
4511 128.278
4516 0
4521 0
4523 0
4524 411.614
4526 116.863
4527 6322.78
4528 7658.83
4529 2477.35
4530 17670.9
4531 20668.2
4532 101.19
4533 2.0378
4534 14532.3
4535 4.65752
4536 168799
4538 0
4539 0
4540 0
4541 0
4542 9201.56
4543 5110.46
4544 6.39535
4545 0
4547 23701.3
4550 21042.2
4551 3964.33
4552 356.994
4553 16.5394
4554 0
4555 0
4556 0
4557 48155.7
4558 221.666
4560 101.096
4561 549.727
4562 114.91
4563 70.5815
4564 524.724
4565 0
4566 6.89693
4567 0
4568 0
4569 0
4574 52699.5
4575 0.645992
4576 146.439
4577 0
4578 42209.7
4580 0
4581 2.50121
4582 59.9205
4583 385.594
4584 100.964
4586 154.057
4587 52856.2
4588 22794.4
4591 0
4592 315.608
4593 0
4594 0
4595 1.75336
4596 0
4597 0
4598 10545.6
4599 0
4600 129232
4601 0
4602 1.26205
4603 0
4604 9188.78
4605 14355.6
4607 0
4608 0
4609 0.817936
4611 0
4612 0
4613 17797.8
4615 0
4616 106.237
4617 0
4618 3.44781
4619 0
4620 14435.6
4621 266.062
4622 0
4623 0
4624 14.2209
4625 14562.1
4626 42.5307
4627 0
4629 0
4630 33.9444
4631 1240.47
4632 151950
4633 100.237
4635 0
4636 0
4638 0
4639 14132.9
4640 0
4641 0
4644 0
4645 6089.62
4646 1709.71
4647 93.4051
4648 71.5331
4649 0
4650 15.3244
4651 0
4652 17.4204
4653 141930
4654 15025.2
4655 0
4658 7.19351
4659 1.85245
4660 0
4661 23383.7
4662 14150.2
4663 243.763
4664 20.2011
4665 83.9719
4666 170229
4667 0
4668 0
4669 598.1
4670 0
4671 78.3748
4672 9.59923
4673 10859.5
4674 7.28423
4675 0
4677 129.797
4678 58.127
4681 704.894
4682 86.0859
4683 0
4684 3.06571
4686 3385.12
4687 135462
4688 2797.52
4689 30168.3
4692 0
4693 29.0175
4694 0
4695 0
4696 0
4697 0
4698 0
4699 0
4700 0
4701 0
4702 0
4703 0
4704 0
4705 35.3606
4706 29781.3
4707 0
4708 0
4709 48870.9
4710 136.675
4711 0
4712 212771
4713 24249.3
4714 4.19796
4715 4559.91
4716 0
4717 36023.8
4718 5266.54
4719 22945.6
4720 0
4721 0.486871
4723 0
4725 1678.39
4726 229.641
4727 0
4728 14868.9
4733 18.5158
4735 162356
4736 0
4737 308.552
4738 0
4739 263.498
4740 0
4741 7.81485
4742 0
4743 10.1186
4744 0
4745 9.90149
4746 637.332
4748 15999.4
4749 3.18978
4750 1.88828
4751 8.04345
4752 0
4753 0
4754 0
4755 0
4756 2115.49
4757 10.9404
4759 0
4760 94.1166
4761 0
4762 0
4763 0
4764 24447.8
4765 14.0125
4766 0
4767 443.065
4771 19.777
4773 0
4774 106.475
4776 14490.5
4777 43366.6
4778 246.814
4779 27.5267
4780 1197.2
4781 37545.6
4782 0.211019
4783 16.1247
4785 0
4786 1128
4787 0
4788 825.271
4789 5.85255
4790 0
4791 73093.7
4792 75074.1
4793 4.53204
4794 0
4795 51748
4796 79813.1
4797 10408.7
4798 35560.1
4799 0
4800 0
4801 0
4803 0
4804 0
4805 0.557973
4806 0
4807 0
4808 67230.4
4809 8.18123
4810 0
4811 22338.8
4813 1550.09
4814 14867.6
4815 55.6246
4816 0
4817 0
4818 1666.36
4819 0
4820 21904.9
4821 3.01039
4822 9.82534
4823 0
4824 63719.1
4825 1.13732
4826 0
4827 22026.9
4828 305022
4829 24925.1
4830 0
4831 14377.8
4832 1034.18
4833 148.91
4834 0
4835 0
4836 0
4837 0
4838 0
4839 0
4840 25.8652
4841 0
4842 1.85245
4843 1560.35
4844 0
4845 0
4846 29558.4
4847 0
4848 0
4849 0
4850 1.85245
4851 0
4852 0.225947
4853 31.6989
4854 0
4855 0
4856 30.6109
4857 0
4858 0
4859 500.83
4860 30.3537
4861 0
4862 69.3524
4863 0
4864 7.47696
4866 154.608
4867 0
4868 0
4869 0
4870 0
4871 0
4872 0
4873 0
4874 17.7696
4875 281712
4876 1.0664
4879 9746.26
4880 0
4881 14.9925
4882 23.3161
4883 27.9377
4884 53000.7
4885 4.6245
4886 0
4887 6.88369
4889 2.55301
4890 0
4891 138.765
4893 5.64919
4894 22189.1
4896 0
4897 0
4898 302.012
4899 44479
4900 0
4901 0.681002
4903 0
4904 0
4905 0
4906 0
4908 0
4909 10.3299
4910 23.3295
4911 0
4912 0
4913 0
4914 0
4915 51.5355
4916 0
4917 0
4918 0
4919 0
4920 7.06347
4921 0
4922 0
4923 42.7453
4924 148.042
4925 6.86559
4926 172.928
4927 0
4929 24377.5
4931 0
4932 0.974287
4933 116.459
4934 2771.64
4935 0
4936 0
4937 143.901
4938 6682.68
4940 81795.5
4942 231.387
4943 1785.75
4944 20378.4
4945 0
4946 4.55732
4947 31.557
4948 82806.5
4950 0
4951 0
4952 2.00084
4953 13409.8
4954 7.21914
4957 0
4960 19.1698
4962 15667.7
4963 82.2003
4964 60275.7
4965 0
4966 2187.83
4967 211373
4969 0
4970 100.115
4971 0
4972 0.610734
4973 58.5602
4974 2874.35
4975 0
4976 475.403
4977 46488.2
4978 0
4979 0
4980 10147.3
4981 90342.2
4982 2863.51
4983 52760.9
4985 0
4986 15691.4
4987 347.885
4988 970.445
4989 41.5033
4991 39.7357
4992 185.524
4993 779.774
4994 53960.4
4995 0
4996 0
4999 17875.3
5000 0
5001 0
5002 152291
5003 0.447595
5005 0
5006 724.714
5008 1061.04
5009 116.019
5010 79.9788
5011 98.5715
5012 10080.7
5013 81.3946
5015 191.06
5016 208.079
5017 62.1785
5018 0
5019 0
5020 187247
5022 324729
5024 41.4812
5026 8999.97
5028 66782.4
5029 429.77
5031 0
5032 3.58608
5033 21.3007
5035 0
5036 29.3641
5037 31184.9
5038 12.5229
5039 10.6391
5040 4.35163
5043 36.2036
5044 215.004
5045 96.03
5046 0
5047 0
5048 12.2704
5050 111.934
5051 66.9755
5052 0
5053 3363.71
5054 1.99239
5055 37694.4
5057 0
5058 16072
5059 2103.5
5060 19.3037
5061 10535.9
5062 0
5063 0
5064 18389.7
5065 0
5067 0.91121
5068 63.9688
5069 56.3012
5070 22.1903
5071 0
5072 34951.6
5073 6044.87
5075 25.1119
5077 0
5078 7.92346
5079 484815
5080 11.0117
5081 48.2832
5083 21748.7
5084 0
5085 80.699
5086 0
5087 0
5088 0
5089 72.1649
5090 10.9688
5091 0
5092 68656.6
5093 0
5095 2.72729
5096 65042.9
5097 0
5098 3.20548
5099 459.207
5100 43099.9
5102 10129.8
5103 78270.7
5104 5.13057
5105 0
5106 55189.1
5109 0
5110 7698.24
5111 30.2256
5112 0
5114 31.2367
5115 1446.34
5116 0
5117 0.79349
5118 70.9803
5119 259.977
5120 6.06164
5121 18877.9
5122 0
5123 99526.8
5124 0
5125 6755.52
5126 3.03676
5127 0
5128 0
5129 0
5130 100022
5132 1229.3
5133 119.008
5135 0
5136 0
5138 0
5139 108.263
5140 64073.2
5141 14195.8
5142 1.5443
5143 1822.78
5144 30305.6
5145 0
5146 21.9084
5148 26541.4
5150 197.774
5151 3.85487
5152 7.21684
5153 21.425
5154 10.572
5155 31344.6
5158 0
5159 0
5160 650.887
5161 0
5162 109307
5163 0
5164 9.14127
5166 4267.56
5167 0
5171 1020.42
5172 2698.75
5173 31960.3
5174 10.7915
5175 875.744
5176 47346.2
5177 19295.8
5178 57988.8
5179 273520
5180 1305.3
5181 2525.51
5182 15394.3
5183 0
5184 2956.76
5185 23393
5186 2.6106
5187 601.409
5188 89132.6
5189 303087
5190 10222.1
5191 53.2882
5192 0
5193 255.422
5194 151.439
5195 7.88317
5196 2123.43
5197 4.22847
5198 11.9136
5199 27859.6
5200 46524.3
5201 776.767
5202 1.06671
5203 642.371
5204 30181.2
5207 205.103
5208 207.861
5209 0
5210 195792
5213 0
5214 0
5215 33585.6
5216 0
5217 419.61
5218 0
5219 0
5220 0
5221 0
5222 64766.1
5224 0
5225 0
5226 31691.4
5227 0
5228 0
5229 0
5230 0
5231 84748
5232 0.527683
5233 132084
5238 6.3333
5239 6937.01
5240 4.09068
5241 8.31032
5242 0
5243 308.815
5244 0
5245 35961.2
5246 30304
5247 4.72375
5248 0
5249 0
5250 313.391
5251 0
5252 0
5253 28264.1
5254 423267
5255 14348.6
5260 21.6024
5261 3.32493
5262 55056
5263 35007.8
5264 14.9447
5265 0
5267 17.0464
5269 0
5271 15.955
5273 3772.02
5274 19.0928
5275 5.02702
5276 111.647
5277 0
5278 0
5280 0
5281 0
5282 8.60735
5283 5.48901
5284 2.99362
5285 5882.55
5286 351.471
5287 0
5288 137111
5289 34174.7
5290 0
5291 0
5294 0
5295 23718.1
5296 263.565
5298 206.893
5299 0
5300 0
5301 70471.6
5303 2.5534
5305 44983
5306 104.547
5308 667.752
5309 9.33619
5310 0
5311 174.249
5312 103.508
5313 132.409
5314 0
5315 0
5316 821.169
5317 396.929
5320 668.234
5321 85882.6
5322 0
5323 6693.62
5324 114.349
5326 274.405
5327 34207.1
5328 0
5329 1.88357
5330 0
5332 40.3829
5333 4.05723
5334 31.7615
5335 71391.7
5336 12.8973
5337 0
5339 132.429
5341 28584.3
5342 1019.94
5343 4.60484
5344 2.7322
5345 0
5346 0
5347 2.41836
5348 0
5350 4.57839
5351 10.6323
5352 2.17398
5353 0
5354 14132.2
5355 0
5356 0
5357 0
5358 0
5360 361.805
5361 18.212
5362 0
5363 0.672033
5364 7.22143
5365 0
5366 1.20502
5367 0
5368 197.68
5370 0
5371 0
5372 0
5373 0
5374 0
5375 75366.6
5376 0
5377 0
5378 68445.1
5380 0.473049
5381 9.81344
5382 189.491
5384 33139.3
5385 0
5386 10.6977
5387 189.065
5388 2.33049
5390 1.35205
5391 1530.6
5392 20359.4
5393 285.298
5395 0
5396 1157.29
5397 0
5398 2.21087
5399 29.5793
5400 9.79254
5401 12.6432
5404 120178
5405 14.0061
5406 77.9616
5410 0
5412 143424
5413 0
5414 0
5415 19195.5
5416 0
5417 14139.1
5418 0
5419 42.4527
5421 5067.31
5422 0
5423 120150
5424 4.91983
5426 241.235
5427 1914.67
5428 0.185198
5429 0
5430 23369.7
5431 0
5432 79499.8
5434 77.5265
5435 0
5436 0
5437 38902
5438 0
5439 38923.8
5440 3.89478
5442 36.2802
5445 74188
5446 711.885
5447 1.46701
5448 8.68511
5449 33645
5452 18788
5454 30567.9
5455 126.072
5456 0
5457 21617.3
5459 116694
5460 0
5461 0
5462 346.172
5463 31601.4
5465 6359.04
5466 16395.6
5467 82.0702
5468 115.773
5469 12.5203
5470 9.47518
5471 0
5472 264.787
5473 0
5474 47.8043
5475 0
5476 0
5477 0
5478 54.5988
5479 27082.6
5480 3.73057
5481 7.46857
5482 80954.9
5483 0
5484 198920
5485 1118.94
5486 0
5487 12872
5488 0
5489 292.529
5490 0
5491 0
5494 0
5495 20.7436
5496 0
5497 0
5499 2977.73
5500 15782.1
5501 12.4571
5503 5.09718
5504 1.45131
5505 0
5506 21985.5
5507 0
5508 0
5509 31160
5510 0
5511 21464.7
5512 1.62651
5513 269.328
5514 169.601
5515 96.2067
5516 0
5517 0
5518 0
5519 0
5520 0
5521 0
5522 0
5523 0
5524 523800
5525 0
5526 21.1406
5527 4946.98
5528 38.1709
5529 37098.1
5530 0
5531 93819.5
5532 2140.94
5533 18.4427
5534 695.29
5535 0
5536 5.35831
5537 0
5539 2322.8
5540 12.0616
5541 0
5542 0
5543 237625
5544 22.0249
5545 64127.9
5548 0
5549 236.425
5550 211.859
5551 143.673
5552 61.3129
5553 3666.13
5554 0
5555 0
5558 2.9337
5559 6514.9
5561 0
5562 149.608
5563 47974.4
5564 43.8812
5565 0.32943
5566 0
5567 0
5568 15911.7
5569 7.09249
5570 5.39439
5571 0
5572 0
5573 0
5576 0
5577 55.0099
5578 0
5579 2.11306
5580 17.2621
5581 0
5582 31934.4
5583 0
5584 7446.57
5587 0
5588 14134.4
5589 187.857
5590 146.776
5591 1151.84
5592 754.606
5594 0
5595 0
5596 74950
5598 0
5599 0
5600 93.4082
5601 6.74443
5602 0
5603 10.1678
5604 50.325
5605 47162.1
5606 1152.06
5607 0
5608 334.432
5609 0
5610 0
5611 0
5612 6330.57
5613 0
5614 5141.6
5615 25.9694
5616 454.134
5617 1206.98
5620 3174.12
5622 1.5152
5623 6546.46
5624 43161.1
5625 0
5626 8719.5
5627 4.96812
5628 0
5629 0
5630 3848.03
5631 270.796
5633 0
5635 21.3454
5636 0
5637 2238.98
5638 1511.66
5639 5673.64
5640 2753.51
5643 265.945
5644 541.106
5645 0
5646 1.47946
5647 114.214
5648 0
5649 1.79454
5650 25933.4
5651 8192.5
5652 0
5653 0
5655 75737.4
5656 367.91
5657 4.18542
5658 116.117
5659 0
5660 1.44787
5661 1.60446
5662 13.7533
5663 802.519
5664 33.6322
5665 0
5666 67.5005
5667 40.5429
5668 19.182
5669 0
5670 0
5671 34393.6
5673 15.6656
5674 0
5675 42.291
5676 0
5678 0
5679 0
5680 50521.9
5682 0
5683 39472.1
5684 5016.43
5685 0
5686 14.5172
5687 0
5688 0
5689 0
5690 0
5691 2324.6
5692 1259.5
5693 30605.3
5694 12.9796
5695 0
5696 3147.57
5697 246675
5698 0
5702 144.649
5703 0
5704 14.9196
5705 2973.93
5706 31.2327
5707 9.3834
5708 29.6328
5709 1404.75
5710 0
5711 0
5712 0
5713 26.2832
5714 125534
5717 0
5718 0
5720 1.1908
5721 15137.9
5722 1.01901
5726 0
5729 0
5730 0
5731 1.65658
5732 38972.4
5733 0
5735 0
5737 20825.5
5738 31470.7
5739 16384.1
5740 1.8565
5741 307.749
5743 7460.39
5744 0
5745 28571.8
5746 0
5747 1.02725
5748 0
5749 0.772228
5750 37.8205
5751 0
5752 0
5753 8249.23
5754 0
5755 0
5756 14231.4
5757 393.803
5760 55876.9
5761 99.8751
5763 18.5306
5764 0
5765 0
5766 0
5767 0
5768 602.061
5769 6.31373
5770 34.5587
5771 167.082
5772 3628.15
5773 122147
5774 0
5775 53084.5
5776 6538.77
5778 6.88776
5780 6062.24
5781 0
5782 0
5783 481.074
5784 1509.47
5785 0.554427
5786 0
5787 787.381
5788 16.1855
5789 0
5790 18576
5792 4.58093
5793 0.391303
5794 0
5796 50426.9
5797 1.11458
5798 14450.8
5799 27116.9
5800 235289
5801 14368.1
5802 314849
5803 0
5804 61119.9
5805 456.426
5806 117809
5807 17641
5808 14.3967
5809 1069.67
5810 1508
5811 35637.8
5812 59231.8
5813 1.99109
5814 158352
5815 14155.4
5816 10613.5
5817 64709
5818 91835
5819 80903.5
5820 272.02
5821 980.294
5822 77909.3
5823 242.204
5824 27919.1
5827 7144.59
5828 7034.35
5829 49305.1
5830 47.5588
5832 60.0206
5833 0
5834 16.6784
5835 3492.03
5836 131.208
5837 15451.3
5838 122.866
5839 71100.9
5840 0
5841 0
5842 0
5844 5401.73
5846 3.10933
5848 9744.45
5850 2497.99
5852 0
5853 0
5854 0
5855 91.3228
5856 0
5857 14311.6
5859 600.328
5860 736.826
5861 0.794979
5862 551.889
5863 9588.81
5864 0
5866 0
5868 12.0545
5871 42071.1
5872 61943.7
5873 24.8291
5874 0
5875 0
5876 0
5877 38.8205
5878 0
5880 79.5877
5882 10.8213
5883 0
5884 0.490849
5885 8.30181
5886 44232.8
5887 1399.12
5888 0
5889 0
5890 125.067
5891 41271
5892 7.4258
5895 0
5896 175.976
5897 13699
5899 0.365058
5902 43883.7
5903 0
5907 0
5908 1245.87
5909 0.50474
5910 0
5911 0.50474
5913 63.1979
5914 1.98784
5915 3798.48
5916 137.39
5917 0
5919 22.1182
5920 166.791
5921 47.9829
5922 5404.7
5923 40.5595
5924 0
5925 40269
5926 80.3228
5927 263.398
5928 20123.9
5930 21.0654
5931 233.312
5932 3516.78
5933 23826.9
5934 1807.15
5935 111.616
5936 22454
5937 0
5938 1.18476
5939 2.06786
5940 400.08
5941 0
5942 5.24811
5943 0
5944 0
5945 87.5306
5946 44.4564
5947 29296.4
5949 0.421547
5950 8467.31
5952 221.787
5955 0
5956 3.95307
5958 9.9634
5959 0
5960 10.1475
5961 1255.89
5962 1.6138
5963 98701.3
5964 0
5965 31.553
5966 90.1011
5967 0
5969 33589.1
5970 0
5971 0
5972 476.216
5973 5600.98
5977 63.041
5978 0
5980 3090.26
5981 6.14169
5982 45.084
5983 0
5984 104.287
5985 0
5986 0
5987 0
5988 35.9513
5989 0
5990 0
5991 510.172
5992 0
5993 24.6322
5994 22417.8
5995 5.81465
5997 14128
5998 17766.3
5999 1202.68
6000 54019.7
6001 22700.3
6002 0
6003 0
6004 68131.4
6005 0
6006 132511
6007 94.7739
6009 441.874
6010 1.47788
6013 14.1766
6014 0
6015 14.1766
6016 174.372
6017 2.42118
6018 0
6019 0
6020 1203.64
6021 163.665
6022 0
6023 7191.63
6024 611.17
6025 0
6026 28.5835
6027 20.0893
6028 0
6029 20324.1
6030 0
6031 10.4333
6032 33995.4
6033 0
6034 0
6035 0
6036 0
6037 0
6038 32.2881
6039 0
6041 83.7331
6042 0
6043 14265.1
6044 74518.5
6045 107.221
6046 0
6047 328.736
6048 0
6049 2.1772
6050 0
6051 0
6052 0
6053 0
6054 0.389606
6055 29.3741
6056 0
6057 0
6058 0
6059 42395.1
6060 0
6061 0
6062 0
6063 0
6064 26.3693
6066 0
6067 0
6068 1972.39
6069 52.9931
6070 0
6071 20.9871
6072 3905.86
6073 0
6074 0
6075 246.1
6077 0
6078 14143.8
6079 0
6080 14231.7
6081 11.3866
6082 550.937
6083 413.409
6088 8.38754
6089 0
6090 0
6091 0
6092 0
6093 18.323
6094 33445.7
6096 18.0076
6097 11936.7
6098 10557.9
6100 0
6101 0
6105 95.4098
6106 1.24681
6107 0.712118
6108 4.14406
6109 11.272
6110 53.2037
6111 105.741
6112 0
6113 0
6114 6.00128
6116 3.127
6118 1.26898
6119 27.7117
6120 0
6121 1.12138
6123 95661.2
6124 12026.5
6126 114.999
6127 10.2944
6128 1.80184
6129 0
6130 40.4838
6132 7.11815
6133 8.10286
6134 72.7049
6135 0.413179
6139 0
6141 0
6142 0
6143 0
6144 0
6145 0
6146 107.808
6147 0
6148 93164.8
6149 13.6441
6150 0
6151 35714.9
6152 0
6153 0
6155 0
6156 135688
6157 41.3499
6158 0
6160 54.8767
6161 4805.71
6162 10.8152
6164 349.24
6165 4.42834
6166 4806.29
6168 0
6169 4.25745
6170 7900.21
6174 11005.6
6175 0
6176 4.35872
6177 0.366543
6178 0
6179 54.7786
6180 55.6596
6181 0
6182 40.2026
6183 0
6184 9.70336
6185 0
6186 0
6187 0
6188 0
6190 27.2529
6191 0
6192 13.0088
6193 0
6196 0
6197 3.87452
6198 2011.06
6199 0
6200 67.9142
6201 0
6202 86.0043
6203 0
6204 141.341
6205 0
6206 0
6207 22.8689
6208 64.2713
6212 13.7192
6213 6.50744
6214 0
6215 0
6216 12.5593
6217 749.424
6218 53924.7
6219 11.1085
6220 444.948
6221 28995.2
6222 0
6223 469.427
6224 0
6225 1.73905
6226 743.871
6227 38672.9
6228 0
6229 52107.5
6230 1.12831
6232 3.58401
6235 94.9291
6236 0
6239 11.1858
6240 0
6241 14564
6242 9.38991
6243 39234.2
6244 0
6245 47.5111
6246 19716
6247 0
6248 38.7435
6251 8914.84
6252 2.23558
6253 0
6254 0
6255 35187.2
6257 33.5487
6258 0
6259 0
6261 109.384
6262 45702
6263 13.1902
6264 0
6265 0
6266 0
6267 0
6269 66.3657
6270 34041.7
6271 278.33
6272 15902.9
6273 0
6274 102.797
6275 0
6276 0
6278 3.31112
6279 0
6280 30731.2
6281 0
6282 0
6286 1.70738
6287 0
6288 0
6291 0
6292 0
6293 0
6294 0
6295 20.1708
6296 74588.9
6297 0
6298 116.277
6299 111939
6301 0
6302 14624.9
6304 0
6305 116208
6306 29581.1
6307 251.731
6311 198.049
6312 4.79584
6313 0
6314 183.187
6315 0
6316 438.546
6317 7.71334
6319 5.57311
6320 6158.94
6321 17.9319
6323 7184.4
6324 10.2232
6325 10.2627
6326 0
6327 225260
6328 25151
6330 53291.3
6331 18.3189
6332 0
6333 2.61264
6334 35077.9
6337 21191.9
6339 6.5887
6340 729.952
6344 6.20279
6346 244.755
6347 51345.2
6348 0
6349 0
6350 0
6351 0
6355 0
6356 3.79491
6359 7860.71
6360 2292.56
6366 0
6367 4.40342
6371 0
6374 0
6375 0
6376 3.58386
6377 215.474
6378 1.35401
6379 0
6380 4.14076
6381 8.48
6383 4.96479
6387 0
6388 39483.9
6389 0
6391 0
6392 0
6393 0
6394 117.905
6395 0
6396 0
6397 0
6398 2336.11
6399 0
6400 103841
6406 1.60059
6407 9507.83
6408 10.4661
6409 4880.01
6410 0
6411 0
6412 0
6413 0
6414 44176
6415 9.64605
6416 2.95055
6417 44402.7
6421 15198.4
6422 73305.1
6423 0
6424 36131.4
6426 0
6427 14159
6428 0.537711
6429 0
6430 0
6431 0
6432 33829.6
6435 40.9192
6436 3.69343
6437 16748
6439 0
6440 7.14941
6441 19347.3
6442 48390.2
6443 7787.05
6444 0
6445 151.29
6446 0
6447 5450.47
6448 0
6450 0
6451 0
6452 6.67786
6453 0
6454 0
6455 0
6456 0
6457 17.0511
6458 136224
6459 0
6460 9055.13
6461 27.0394
6462 2038.46
6464 51.1437
6466 0
6467 90.4169
6468 0
6469 2.83262
6470 0
6471 29.7004
6472 14927.2
6474 1743.4
6475 0.537655
6477 0
6478 0
6479 252.489
6480 0
6481 19966.5
6483 2206.65
6484 114.38
6485 0
6486 10169.8
6487 14.2509
6488 434.43
6489 3.1472
6490 2.8163
6491 14194.2
6492 0
6493 0
6494 22694
6495 28.208
6496 100229
6497 0
6498 20238.2
6500 52.7794
6501 4719.51
6502 201.282
6503 6559.79
6504 14.5706
6505 15653.8
6506 0
6507 0
6508 0
6509 0
6510 3614.75
6511 588.674
6513 0
6514 0
6515 0
6516 0
6517 0
6518 871.682
6519 0
6520 1.99396
6521 0
6522 1169.84
6523 89823.8
6524 147.51
6525 225.047
6526 115.895
6527 0
6528 19725.9
6529 400.529
6530 74.0218
6532 21.9178
6533 0
6534 0
6535 0
6536 5.73682
6537 13.8916
6538 1838.86
6539 0
6541 0
6542 0
6543 17.9742
6544 0
6545 17.309
6546 0.911381
6547 0
6548 55.0152
6550 120.443
6551 0.951623
6552 3363.64
6553 1530.24
6554 3919.88
6555 107053
6560 143442
6561 1.8989
6563 12739.9
6565 0
6566 18228.6
6567 1067.5
6568 0
6570 1124.94
6571 764.834
6572 0
6573 0
6574 0
6575 0
6576 30309.1
6577 74.3496
6578 0
6579 0
6580 0
6581 0
6582 0
6583 0
6584 0
6585 0
6586 0
6587 0
6588 0
6589 758.13
6590 44.5749
6592 36.0434
6594 2578.12
6595 8658.76
6596 68866.5
6598 25.836
6599 6485.03
6600 61573
6601 0
6602 0
6603 0
6604 0
6605 111.318
6606 4883.17
6607 18.1851
6608 528.476
6609 1704.43
6611 732.93
6612 26.1027
6613 19878.2
6614 0
6615 35915.4
6616 481.642
6617 0
6618 98461.4
6619 14982.3
6620 9047.68
6621 25.8074
6622 14139.4
6623 0
6624 68836.4
6625 12.2923
6626 98.9126
6627 4533.71
6628 1370.09
6630 0
6632 2862.06
6633 0
6634 265824
6635 69.7184
6636 21.3814
6638 0
6639 0
6641 14128
6643 20.3855
6644 0
6645 0
6646 103.89
6647 0
6648 21.4298
6649 484.481
6650 0
6651 0
6652 0
6653 0
6654 0
6655 75.923
6656 0
6657 973.274
6658 48.3294
6660 0
6661 14535.5
6663 794.833
6665 125052
6666 10.3464
6668 64.7795
6670 114.383
6671 14.2583
6672 0
6673 0
6674 0
6675 0
6676 42.7525
6677 0
6678 0
6679 0
6680 0
6681 0.196998
6682 5828.86
6683 7.44381
6684 0
6685 17195.7
6686 6092.74
6687 0
6688 0
6689 0
6690 0
6691 56500
6692 50.5875
6695 5.58291
6696 2.10741
6697 0
6698 0
6699 32131.6
6700 14469.2
6701 0
6702 120.935
6703 0
6705 0
6706 3.32466
6707 142.476
6709 42428.9
6710 0.798361
6711 26.466
6712 16520.6
6713 12.2882
6714 61181.8
6715 25409.7
6717 63.9079
6718 0
6719 5.04438
6720 30897.2
6721 24.5109
6723 354.661
6724 10.5376
6725 415.517
6726 112.965
6727 0
6728 0
6729 0
6730 0
6731 0
6732 0
6734 0
6735 0
6736 43478.6
6737 36096.5
6738 0
6739 39274.1
6744 2.77469
6745 0
6746 1.9895
6747 13.9145
6749 0
6751 14128
6752 0
6753 19.4041
6755 4645.21
6756 0
6757 0
6758 255.675
6759 1038.96
6760 2.55923
6761 0
6762 131.428
6764 0
6765 21499
6766 804.552
6767 1.1692
6768 0
6769 14.7017
6770 74093.6
6771 0.797997
6772 22828.9
6773 0
6774 342463
6775 3.77331
6776 2.12523
6777 149.209
6778 105.619
6779 18.0034
6780 75448.4
6781 38.318
6782 0
6783 8244.85
6784 114101
6787 0
6788 14840.1
6789 25819.6
6790 42643.4
6791 0
6793 0
6794 0
6795 5.97484
6797 0
6798 0
6800 0
6801 39.3251
6802 4.9252
6803 12252.5
6804 46.015
6805 782.441
6806 135.53
6807 0
6808 0
6809 28599.1
6810 0
6811 0
6812 3.02808
6813 86.5887
6815 11.9956
6816 0
6818 0.965582
6819 0
6821 0
6822 0
6824 0
6826 50.9363
6828 0
6829 9.48002
6832 168510
6833 70490.6
6834 16.6355
6835 0
6836 0
6837 0
6840 661.742
6841 5.95598
6842 0
6843 0
6844 0
6845 3.28572
6846 11.6764
6847 0
6848 158.947
6850 21149.4
6852 0
6854 0
6855 35373.2
6856 0
6858 2.45012
6859 300.696
6860 3201.16
6861 0.766168
6862 0
6863 13.3531
6864 0
6865 273.884
6866 6.40342
6867 1.37818
6869 24783.2
6870 0.235278
6871 0
6873 3610.04
6875 51638.5
6876 0
6877 0
6878 0
6880 0
6881 0
6883 4.96917
6884 0
6885 1260.08
6886 69.1492
6889 51.5722
6890 705.372
6892 334.361
6895 9.16145
6896 1.89122
6897 10346.4
6899 0
6900 1597.28
6901 1300.49
6902 1413.66
6903 0
6904 14128
6905 0
6906 2110.7
6907 139087
6908 0
6909 0
6910 0
6911 28.1043
6912 0
6913 37584
6914 191501
6915 5.69835
6916 10041.6
6917 90.6077
6918 26862.7
6920 5.89696
6921 0
6922 0
6923 164.544
6924 20406.7
6926 0
6927 0
6928 0
6929 0
6930 31486.8
6933 32.1574
6934 33533.5
6935 0
6936 0
6938 817.495
6940 0
6941 4798.79
6942 107.729
6943 0
6945 7511.24
6946 179843
6947 0
6948 248.085
6949 6.80751
6950 444.115
6951 36575.4
6953 11874.2
6954 3.20909
6955 9056.51
6958 8.39148
6959 12.1117
6960 0
6961 0.705144
6962 0
6963 0
6965 88.9353
6967 10.6661
6968 0
6969 0
6971 32.611
6972 0
6974 1.39757
6975 286.995
6976 35068.8
6978 0
6979 42033.5
6980 27301.3
6981 0
6982 16288.6
6983 0
6984 15.3999
6985 0
6986 0
6987 0
6990 0
6991 257.895
6993 17020.2
6994 22535.5
6995 0
6996 0
6997 14131.9
6998 0
6999 0
7000 0
7001 0
7002 0
7003 0
7004 0
7005 46600.9
7006 0
7007 0
7008 0
7009 0
7010 0
7011 7.47262
7012 39798.6
7013 0
7014 0
7015 0
7016 0
7017 0
7018 0
7019 6.18526
7020 32.3012
7021 109936
7022 0
7023 29172.8
7024 0
7025 0
7026 202.283
7027 0
7028 0
7029 0
7030 0
7031 0
7032 0
7033 2
7034 0
7035 0.498092
7036 1.50594
7037 0
7038 16.1712
7040 4850.63
7041 0
7042 14130.2
7043 897.17
7044 20.368
7045 611.591
7046 510.114
7047 129406
7048 0
7049 476.075
7050 42891.5
7051 0
7052 70388.3
7053 2252.27
7054 32694
7055 9256.62
7056 1208.74
7057 14214.5
7059 33637.7
7060 271.925
7061 0
7062 40.7602
7063 14067.4
7064 0.616679
7065 0
7070 1.51453
7071 11.8211
7072 0
7073 21255.3
7074 498.71
7079 0
7080 18809.4
7082 0
7084 0
7085 0
7086 22157.8
7087 0.982907
7088 33358.8
7089 0
7090 95.488
7092 219152
7094 1843.08
7095 0
7096 21.6061
7098 0
7099 140.434
7100 264.534
7101 15220.2
7103 0
7104 166.83
7106 8.79992
7107 43.2356
7108 40244.8
7109 2.35166
7110 796.542
7111 0
7112 0
7113 292.826
7114 0
7115 84325.5
7116 3912.66
7117 63.7496
7118 0
7119 23750.3
7120 19689.5
7121 31.4511
7122 0
7123 0
7124 0
7125 0
7126 11.3915
7127 17.8817
7128 12.8978
7129 510.087
7130 0
7131 162698
7132 2124.3
7133 0
7134 20.7998
7135 0
7136 0
7137 0
7138 22.3973
7139 23.8734
7140 0
7142 2.23902
7143 18827.2
7144 30060.4
7145 0
7146 1147.11
7149 585.888
7150 41.3512
7151 0
7153 321.13
7154 0
7155 0
7156 0
7157 0
7158 0
7159 0
7160 0
7161 211.6
7162 11093.8
7163 1.07632
7164 5.86001
7165 15.7762
7166 0
7167 0
7168 39568.2
7170 0
7171 233.438
7172 0
7173 2.36157
7174 0
7175 0
7176 10.7634
7177 0
7178 1.03588
7179 0
7180 95.2734
7181 0
7183 138.356
7184 1.25144
7185 3910.8
7186 112.393
7187 0
7188 114.184
7189 7.24042
7190 0
7191 0
7192 0
7193 0
7194 0
7195 0
7197 0
7198 288.369
7199 2.09588
7201 23.1284
7203 0
7204 5.94952
7205 0
7206 0
7210 0
7211 0
7212 0
7214 46892.3
7215 18.5932
7217 0
7218 0
7219 0
7220 0
7221 0
7222 75.1079
7223 0
7225 68380.4
7226 14.9151
7227 315.862
7228 28.9278
7229 78.9342
7230 5.41911
7231 9451.28
7232 0
7233 83341.8
7234 0
7235 0
7236 521.625
7237 14339.7
7238 53635.9
7239 430.96
7240 0
7241 293.882
7243 1589.95
7245 0
7246 121.988
7250 51.9214
7251 0
7252 0
7253 57.8573
7254 3143.67
7255 0
7257 20.3938
7260 15.5383
7262 1656.2
7265 0
7266 36.8685
7267 0
7268 0
7269 0
7270 42.3009
7271 19.7634
7273 149.92
7276 22.9607
7277 33941.2
7278 4.10585
7279 54223.5
7280 54849.1
7281 91.9745
7282 0
7283 0
7284 0
7285 0
7286 0
7287 0
7289 289.745
7290 44.1412
7291 0
7292 14128
7293 2.38574
7294 1075.57
7295 29301
7296 0
7297 0
7298 3.18793
7299 0
7300 0
7301 61968.3
7302 0
7304 111.809
7305 0
7306 886.115
7309 0
7310 0
7315 224.348
7316 915.621
7317 558.697
7318 12.0776
7319 14136.9
7320 0
7321 2.51327
7323 238.229
7326 0
7327 7.2185
7329 1.329
7330 0.916193
7332 0
7333 0
7335 500.237
7336 0
7337 0
7341 1559.25
7342 0
7343 134.366
7344 7.13796
7345 0
7347 0
7348 2.0661
7349 0
7350 239.448
7351 25253.1
7352 231.208
7353 0
7354 13.073
7355 0
7357 87.6652
7359 376.6
7360 0
7362 410.655
7363 0
7365 5.94392
7371 1.18228
7372 0
7373 15612.1
7374 0
7376 4.10198
7377 0
7378 84954.5
7379 54.587
7380 1.96344
7381 10889.5
7382 0
7383 0
7386 34415.6
7387 103.118
7389 19989.2
7390 525.692
7391 33768.3
7392 0
7393 4361.41
7394 37.4478
7397 129.892
7400 18587.5
7401 3.36527
7402 15.7904
7403 0
7404 0
7405 588.824
7407 70.6274
7409 57.6389
7413 0.366997
7414 26762.8
7415 22.2449
7416 0
7417 1.80915
7418 3.34448
7419 0
7420 0
7421 225.539
7422 2851.67
7423 142.825
7424 32.9116
7425 216.918
7426 1.95249
7427 0
7428 1.64553
7429 0
7430 0
7431 0
7434 165.072
7436 85.8606
7439 53.3105
7440 28.0293
7441 3.3038
7442 5634.24
7443 3200.72
7444 23.618
7445 0
7446 0
7447 0
7448 0
7449 4558.47
7450 72911.3
7451 0
7452 13.9638
7453 0
7454 0
7455 13.6399
7456 0
7457 0
7458 0
7459 0
7461 0
7462 0
7465 0
7466 0
7467 2
7468 0
7469 0
7470 0
7471 39.0678
7472 0
7473 0
7474 0
7476 1.73642
7477 0
7478 142473
7480 0
7481 0
7482 0
7483 0
7484 0.93504
7485 0
7486 0
7487 0
7490 2200.77
7491 56.1975
7492 14.8466
7493 200.8
7494 0
7495 0
7497 1815.75
7498 59.281
7501 0
7502 4.19804
7503 0
7505 0
7506 0
7508 1.77861
7509 0
7510 36337.1
7511 441.012
7512 5931.31
7513 0
7514 9.29454
7515 0
7517 16277.7
7518 22.6429
7520 115.803
7522 0
7523 0
7524 0
7525 0
7527 0
7528 0
7529 33231
7531 0
7533 32.5124
7534 0.879144
7535 0
7536 0
7537 0
7538 0
7540 0
7544 16421.8
7545 0
7546 3.93126
7549 1.72412
7550 0
7553 214387
7554 2.59437
7557 398.907
7561 15473.6
7563 0
7564 910.542
7565 6.17625
7567 2440.8
7569 2.83151
7570 19.3144
7571 0
7572 0
7574 440.146
7576 0
7577 0
7578 15077.1
7579 97.5766
7580 338.473
7581 0
7583 12.7724
7585 0
7586 34.5601
7587 41618.8
7588 1340.63
7590 0.495067
7593 67.3899
7594 9.46983
7595 0
7597 49.9378
7598 672.3
7599 0
7600 0
7601 25.4992
7602 0
7604 149.19
7605 0.457517
7608 12.6669
7609 1.25995
7610 0
7611 0
7613 0
7614 1156.96
7615 0
7616 0
7617 0
7618 2423.55
7619 0
7620 264933
7623 1.96399
7624 13210.4
7625 71.1135
7626 0
7629 0
7630 0
7632 163176
7634 43.623
7636 0
7637 0
7638 0
7639 0
7642 58.3448
7644 0
7645 0
7646 31905.8
7647 2071.08
7648 64.5625
7649 48433.7
7650 0.845931
7651 2339.13
7652 28.3637
7653 14313
7658 40.4579
7659 17.2566
7660 0
7661 2.23028
7662 36643.8
7663 0
7664 0
7665 10.3168
7666 1332.46
7668 37.1723
7669 13.8556
7670 0
7672 0
7673 639.001
7675 1232.64
7676 48.8487
7677 768.63
7678 0.615128
7679 1058.15
7682 7603.73
7683 23421.3
7684 0
7685 146.082
7686 0
7687 0.990938
7688 704.62
7690 0
7691 919.183
7694 3202.71
7695 7308.64
7696 21.0296
7697 838.684
7698 0
7699 34707.4
7701 1042.21
7703 3.25386
7704 0
7705 0
7706 2.03115
7707 48392.2
7708 0
7715 0
7716 0
7717 0
7719 12.5023
7720 0
7721 0
7724 1.33543
7726 10939
7727 1711.71
7728 0.869492
7729 0
7730 14131.5
7732 0
7733 4077.3
7734 14193.5
7735 302.178
7736 2.18191
7737 0
7738 11.0617
7740 148.256
7741 8.31958
7742 0
7743 359.342
7744 5188.84
7745 0
7747 22.0707
7750 6.2338
7751 0
7752 0
7753 0
7754 0
7755 289.405
7756 0
7757 57922.8
7758 0
7759 14.4009
7760 0
7761 0
7762 0
7763 79180.6
7765 0.908822
7766 100.944
7767 0
7768 100.902
7769 245.514
7770 0.237694
7771 21.0172
7772 837.444
7773 0
7774 1907.58
7775 145.282
7777 0
7778 34768.3
7779 3.2881
7780 9.05167
7781 0
7782 0
7783 0
7788 6357.19
7789 0
7790 34.8288
7791 1875.86
7792 39.1482
7795 21393.2
7796 0
7797 0
7799 16.6708
7800 0
7801 0
7802 0
7803 90095.6
7804 0
7805 0
7806 0
7808 261.729
7809 59116.6
7810 16928.9
7812 26.2776
7813 10590.2
7814 0
7815 0
7818 2456.2
7819 251.374
7821 0
7822 0
7826 0
7827 0
7828 0
7829 16.27
7830 0
7831 0
7832 0
7833 32614.3
7834 0
7835 53173.1
7836 0
7837 0
7839 16857.2
7840 13.5087
7841 0
7842 0
7843 0
7844 0
7845 6.844
7848 0
7849 0
7850 0
7851 0
7852 0
7853 7.87818
7854 0
7855 38157.9
7856 35.2811
7857 218.014
7860 45259.6
7861 1.67587
7862 17500.2
7863 0
7864 0
7865 1133.4
7866 0
7867 0
7868 0
7869 0
7870 0
7871 48178.1
7873 23.3304
7874 400.973
7875 1.37664
7877 220.402
7878 0
7879 31002.8
7881 1.02563
7882 22140.8
7883 0
7884 17.7754
7885 123.066
7886 0
7887 0
7888 0
7889 0
7890 90474.5
7891 0
7892 0
7893 3.33521
7894 0
7899 345.162
7900 1225.45
7901 1354.47
7902 485.604
7903 44.1691
7904 36.1217
7905 0
7906 179.766
7907 247.106
7908 38196.2
7909 1.81345
7910 44892.3
7911 0
7912 34161.9
7913 15.782
7914 0
7915 0
7916 1.30847
7919 10.3343
7920 0
7921 18194.7
7922 0
7923 0
7924 18251.4
7925 0
7927 50646.4
7928 8969.64
7929 52.9186
7930 0
7931 0
7932 1.27526
7933 42.7102
7934 0
7935 0
7937 0
7938 6.49402
7939 0
7940 0
7941 0
7942 0
7944 0
7945 22.5729
7946 3825.64
7948 0
7949 0
7950 0
7952 26.3891
7953 0
7954 0
7955 0
7956 0
7957 0
7959 0
7960 0
7961 51584
7964 246.463
7965 11030.7
7966 0
7967 16.0349
7968 7.73565
7969 3.51108
7970 0
7972 0
7973 0
7974 0
7975 0
7976 0
7978 0
7979 22230.9
7980 194.635
7981 0
7982 0
7985 0
7986 0
7991 0.840877
7992 8219.31
7993 7.06347
7994 120.484
7995 0
7996 14192.9
7998 0
7999 0
8000 0
8001 0
8002 59915.2
8005 0
8006 0
8007 14137.1
8009 0
8010 1.36937
8011 0
8012 155.833
8013 0
8014 0
8015 0
8019 231.788
8020 0
8021 14129.8
8023 0
8024 54.211
8025 4.0312
8027 0
8028 14134.3
8033 8.3449
8035 0
8036 299.954
8037 3078.09
8038 20.6353
8040 0
8041 6.49157
8042 29278.2
8043 39.2064
8044 5906.62
8045 165.249
8046 241.258
8047 578.918
8048 18.7896
8049 0
8050 772.003
8051 56697.3
8052 0
8053 720.559
8054 3.41127
8055 0
8056 0
8057 0
8058 0.468009
8060 14.7605
8061 85.9634
8062 0
8063 15.7157
8064 0
8065 0
8066 28.5741
8068 69.4763
8069 10.5743
8070 0
8071 0
8072 0
8073 677.457
8074 0
8075 0
8076 2
8077 3.46779
8079 877.302
8080 0
8081 0
8083 36445
8084 0
8085 265.982
8086 0
8087 0
8088 14128
8089 0
8090 15.0731
8091 0
8092 100.5
8093 0
8094 176.244
8095 0
8096 0
8097 6.79145
8098 0
8099 0
8100 0
8101 0
8102 0
8103 0
8104 0
8105 0
8106 0
8107 469.547
8108 0
8109 0
8110 0
8111 22.6429
8112 39.5899
8114 0
8115 0
8118 0
8119 0
8120 0
8121 54576.4
8122 1216.03
8124 1879.16
8126 0
8128 4887.56
8130 1171.2
8131 1.36834
8132 8944.35
8133 0
8134 71751.7
8135 0
8136 0
8137 0
8138 0
8139 31.4575
8140 0
8141 69370.7
8142 0
8144 0
8145 6.04435
8146 0
8147 0
8148 22075.2
8149 36.0541
8150 2.502
8152 73.2105
8153 0
8155 0
8156 18.137
8157 5.49286
8158 0
8159 0
8161 0
8162 97.126
8163 20051.7
8165 0
8166 0
8167 0
8168 14834.3
8169 308.756
8170 0
8171 1.82151
8172 0
8173 29.1238
8174 67782.4
8175 0
8177 0
8178 128075
8179 0
8180 0
8181 0
8182 0
8183 0
8184 0
8186 173.384
8187 0
8189 70.3312
8190 13.0348
8192 60077.7
8193 3.57115
8194 0
8195 0
8196 0
8197 0
8198 33406.2
8199 0
8202 0
8203 0
8204 193.68
8205 0
8206 0
8209 2559.89
8211 81.5881
8212 11272.1
8213 0
8214 0
8215 0
8216 0
8219 20670.5
8221 0
8222 31.8645
8224 6900.1
8225 225.463
8226 387.086
8227 0
8229 0
8231 0
8232 0
8233 0
8235 296.732
8236 0
8237 16577.8
8238 0
8241 1.80139
8242 0
8243 102.897
8244 0
8245 0
8246 1045.27
8248 0
8249 35567
8251 0
8252 0
8253 0
8254 0
8255 0
8256 0
8260 0
8261 0
8262 0
8263 194.973
8264 0
8265 0
8266 0
8270 1.23542
8271 48.1374
8272 0
8273 0
8274 0
8275 24883.1
8276 3959.18
8277 5.64266
8282 145.184
8283 1268.74
8284 14268.4
8285 171.555
8286 14207.9
8287 76166.4
8288 14295.9
8289 30.325
8290 35012.3
8291 75954
8292 23465
8293 365116
8294 34041.9
8295 62727.9
8296 124.55
8297 31052.7
