3 3535.67
4 0
5 0
6 79581.2
7 0
8 200140
9 0
10 34588.5
11 0
12 0
13 0
14 0
15 585089
16 0
17 0
18 0
19 3432.43
20 0
21 0
22 0
23 39343.2
24 0
25 0
26 0
27 0
28 230947
29 43745.1
30 2976.99
31 0
32 4662.48
33 21338.4
34 7731.02
35 73566.1
36 31031.5
37 0
38 3374.48
39 25637.6
40 0
41 0
42 0
43 0
44 0
45 0
46 0
47 0
48 0
49 13987.4
50 16539.6
51 0
52 0
53 0
54 5359.29
55 85094.8
56 116155
57 0
58 0
59 0
60 0
62 0
63 0
64 3349.11
65 0
66 0
67 0
68 0
71 0
72 405413
73 0
74 0
75 26779
76 0
77 0
78 0
79 0
80 15545.6
81 0
82 0
83 0
84 0
85 0
86 90384.2
87 0
88 0
89 8631.82
90 0
91 0
92 0
93 2330.79
94 16591.1
95 35107.4
96 0
98 0
99 0
100 0
101 0
102 0
103 0
104 0
105 6991.47
106 0
107 0
108 52.6811
109 0
110 0
111 0
112 0
113 0
114 0
115 0
116 0
117 0
118 0
119 0
120 0
121 0
122 0
123 0
124 0
125 0
126 0
127 17769.4
128 0
129 0
130 634.56
132 11658
133 0
134 0
135 7369.36
136 0
137 0
138 0
139 0
140 6832.62
141 0
142 0
143 0
145 0
146 0
147 10833.5
149 0
150 6522.7
151 18120.6
152 18621.2
153 9262.82
154 8001.56
155 35530.2
156 0
157 0
158 0
159 0
160 0
161 0
162 0
163 6140.02
164 0
165 0
166 0
168 3938.25
169 0
171 30807.7
172 0
173 0
174 0
175 4736.82
176 0
177 0
178 22475.3
179 0
180 0
181 0
182 20988
185 0
187 0
188 0.0833333
189 0
190 0
191 0
192 8506.49
193 0
194 0
195 0
196 0
197 0
198 0
199 0
200 0
201 0
202 0
203 0
204 12257.1
205 0
206 0
207 0
208 0
209 0
210 0
211 0
212 0
213 0
215 0
216 1364.27
217 0
218 0
221 0
222 1988.34
223 0
224 531.249
225 0
226 8131.08
227 3743.38
228 873.543
230 16289
231 0
232 9946.72
233 0
234 0
235 0
236 8308.95
237 0
238 0
239 0
240 0
241 0
242 0
243 13030.9
244 0
245 0
246 3921.76
247 0
248 0
249 0
251 0
253 0
254 0
255 15240.9
256 0
257 3057.85
258 507.325
259 34755.1
260 0
261 3742.28
263 0
264 0
265 0
266 0
267 0
268 0
269 0
270 0
273 454.167
275 0
276 0
277 0
280 13388
282 51077.3
283 0
284 0
285 12043.3
287 0
288 0
289 0
290 38385
291 540.34
292 0
293 0
294 0
295 0
296 0
297 0
298 2078.03
301 32.2283
302 3614.98
303 0
304 16302.3
305 0
306 19108.8
307 0
308 20118.6
309 0
310 50280.1
311 54831.5
312 0
313 19461
314 162.9
315 0
316 0
317 24188
318 0
319 25364.5
320 0
321 7605.52
323 0
324 5041.44
325 8578.18
326 0
327 0
328 0
329 0
330 0
331 0
333 0
334 18024.9
335 0
336 0
337 0
338 72.8484
339 10055
340 0
341 6365.64
342 0
343 0
344 0
345 0
346 25926.1
347 0
348 6162.15
349 19.695
350 3808.89
351 0
352 0
353 0
355 0
356 12979.1
357 0
362 2614.96
363 6057.91
364 0
365 0
366 0
367 0
368 163.635
369 0
371 27128.2
372 2781.39
374 0
375 0
376 0
381 0
382 0
383 0
384 0
386 0
387 0
388 0
391 228.193
393 0
395 0
397 0
398 0
399 0
400 0
401 0
403 7397.94
404 0
405 6059.81
406 18560.4
407 110548
408 0
409 0
410 0
411 0
412 0
413 0
414 0
415 5446.99
416 0
417 18868.7
418 0
423 0
424 0
425 24076.7
426 0
427 627.705
429 654.644
430 0
432 44534.1
434 0
436 0
437 0
438 0
439 3940.06
440 4692.24
441 0
443 0
444 0
445 0
446 0
447 2932.49
448 0
449 0
450 0
451 0
453 0
454 0
455 0
456 0
457 0
458 0
460 0
461 0
462 0
463 0
465 14616.3
467 0
468 0
469 0
472 0
473 0
476 0
479 0
480 0
481 0
486 0
488 122.898
489 0
490 0
492 0
493 0
494 0
495 0
497 0
498 0
499 0
501 0
502 0
504 0
507 0
509 0
511 0
513 0
516 0
519 0
520 0
521 0
522 0
523 0
525 1982.57
527 0
528 0
529 0
530 0
531 0
532 0
534 0
536 0
539 0
540 0
541 0
542 0
543 0
544 0
545 12443.7
546 0
547 0
548 0
549 11339.3
550 0
551 0
552 0
553 0
554 123.99
555 0
556 0
557 0
558 0
559 5041.37
560 14338.2
561 0
562 0
563 0
564 812.819
565 7135.33
567 9652.95
568 0
569 0
570 0
571 0
572 0
573 0
574 0
575 89.5554
576 0
577 0
578 0
579 2878.96
580 0
582 0
583 0
584 722.335
585 0
586 912.24
587 6716.76
588 0
590 1762.13
591 0
592 5606.24
593 0
594 0
595 0
596 0
597 0
598 0
599 0
600 157379
601 2457.3
602 0
604 2906.93
605 0
606 111.831
608 10674.7
610 0
612 0
613 4843.46
614 0
615 0
616 18.7758
618 244.037
620 0
621 0
624 7.30417
625 0
626 16993.1
628 2375.99
632 0
633 79118.6
634 0
635 0
636 2554.45
637 16357
638 0
639 0
640 0
641 0
642 0
643 8226.32
644 27796.7
645 461.067
646 0
647 3946.39
648 0
649 0
650 2909.78
651 0
652 0
653 0
654 0
655 0
657 55.816
658 2849.14
659 7203.22
661 0
662 0
663 65601.3
664 3937.93
665 65853.3
666 0
667 12312.9
668 91.3523
669 0
672 0
673 4641.91
674 504.548
675 251.304
676 0
677 4765.08
678 0
679 0
682 3189.63
683 0
684 2388.69
686 10592.1
688 0
689 0
690 0
691 4753.83
692 0
693 0
695 0
696 4462.94
697 37426.6
698 0
699 0
701 0
703 0
704 15124.1
705 1769.71
706 6356.79
707 7204.42
708 0
709 0
710 20841.8
711 0
712 0
713 0
715 18258.2
716 0
717 391.904
718 0
719 3132.83
720 0
721 0
722 76277.2
723 23.1297
724 0
725 837.114
726 0
727 0
728 0
729 0
730 4544.76
731 0
732 0
733 4996.6
734 0
735 0
736 0
737 310442
738 0
742 15902.1
744 180.259
745 0
748 36.2381
749 10630.7
751 0
752 0
753 0
754 0
755 0
758 0
759 0
760 14974.6
761 18231.7
762 184420
763 23144.6
764 3539.2
766 0
767 0
768 0
769 45287.2
770 0
771 13828
772 0
773 0
774 0
775 0
776 0
780 0
781 0
782 0
783 0
784 22523.3
785 0
786 0
787 0
788 0
789 120406
791 2649.31
792 0
794 4536.61
795 3555.65
796 0
797 4955.3
798 4153.99
799 0
800 0
801 0
802 5562.21
803 1504.23
804 0
805 11963.5
807 0
808 0
810 3277.88
811 0
812 0
813 35570.6
814 0
815 0
816 0
818 0
819 0
820 1668.79
821 0
822 7623.03
823 302.626
824 0
825 150770
826 32888.8
827 311.562
830 0
831 0
832 0
835 0
836 1793.29
837 1334.6
838 10608.7
840 8914.34
841 0
842 0
843 0
844 7086.28
845 0
847 0
848 0
850 0
851 0
852 41.6638
853 4741.17
854 0
855 0
856 23683.2
859 6236.92
860 0
861 2520.1
862 0
863 14265.1
865 0
867 0
869 0
870 0
871 12661.1
872 0
873 4423.85
874 0
876 0
877 0
879 0
880 0
882 158.907
883 0
885 981.156
886 0
887 3229.81
888 0
889 0
890 0
891 0
892 0
895 425.571
896 37143.5
897 342.959
898 0
899 0
900 0
902 0
903 141.073
904 36074
905 0
907 3070.13
908 1455.84
909 0
910 0
911 0
912 0
913 2831.26
914 0
915 0
916 0
917 0
918 3981.09
919 0
920 0
921 0
922 55468.7
923 0
924 0
926 0
927 0
928 6043.94
931 0
932 35.3565
933 0
935 12816.9
937 29251.2
938 1238.83
940 0
941 35519.2
943 5996.79
944 0
946 27536.5
947 3558.76
948 6330.29
949 0
950 0
951 0
954 0
956 3768.31
957 0
959 8322.18
960 7238.14
961 0
962 0
963 140.341
964 0
965 0
967 28406.5
968 1014.81
969 0
970 0
971 12657.8
973 0
974 24699.4
975 12688.2
976 0
978 51955.4
980 0
981 957.712
982 6228.01
983 19.1167
984 0
985 817.987
986 0
987 0
988 0
990 0
992 0
993 220309
994 6607.57
996 0
998 0
999 706.72
1000 16679.8
1001 0
1002 0
1003 0
1004 0
1005 0
1006 52110.8
1008 0
1009 0
1010 0
1011 0
1012 8528.71
1013 0
1016 0
1017 0
1018 3956.37
1019 0
1021 0
1022 5677.71
1023 1854.11
1024 12782.1
1025 0
1027 0
1028 0
1029 34442
1031 28419.8
1032 8317.2
1033 0
1034 4457.94
1035 9555.61
1037 0
1038 2379.08
1039 144.297
1040 0
1041 0
1042 0
1043 1884.97
1044 9703.87
1045 0
1046 0
1047 0
1048 0
1049 19342.1
1050 0
1051 0
1052 0
1055 10043.8
1058 0
1059 0
1060 437.325
1061 221.452
1062 34647.7
1063 0
1064 0
1065 0
1066 0
1067 0
1068 0
1070 0
1071 0
1072 0
1074 15437.1
1075 10570.6
1078 0
1079 0
1080 26755.9
1081 0
1082 0
1083 0
1084 0
1085 0
1086 0
1087 0
1088 0
1089 0
1090 0
1093 0
1094 0
1095 0
1096 0
1097 11676.4
1098 0
1099 0
1100 3221.16
1101 0
1102 0
1103 8142.07
1104 0
1105 0
1106 0
1107 0
1108 0
1109 0
1110 0
1111 47579.2
1112 0
1113 0
1114 668.866
1115 0
1120 0
1124 1650.19
1125 15742.4
1126 0
1127 8834.56
1128 253.306
1129 0
1130 0
1132 0
1133 0
1134 0
1135 0
1137 16234.3
1138 0
1139 0
1141 37.2331
1142 0
1143 0
1144 466.874
1145 0
1146 0
1147 0
1148 0
1150 0
1151 132580
1154 4940.6
1155 0
1156 18740.5
1157 13187.8
1158 0
1159 5940.56
1160 1075.56
1161 0
1164 12130.1
1165 10946.6
1166 293620
1167 50874.4
1168 195.523
1169 0
1170 0
1171 0
1172 0
1173 0
1174 0
1175 0
1176 0
1177 0
1178 0
1179 0
1180 0
1181 0
1182 0
1183 0
1184 0
1185 21193.1
1187 0
1188 0
1189 0
1190 8505.43
1193 33697.3
1194 0
1195 0
1196 3385.83
1197 0
1198 0
1199 18259.3
1200 14467.3
1201 15475.9
1202 0
1203 12155.5
1204 0
1205 0
1206 0
1207 0
1208 0
1209 0
1210 0
1211 104368
1212 0
1213 0
1214 0
1215 0
1216 0
1219 0
1221 3156.33
1223 0
1224 0
1225 0
1226 0
1227 0
1228 0
1229 0
1230 7181.15
1231 0
1232 2337.49
1233 0
1234 4281.87
1235 0
1236 9334.9
1237 0
1238 0
1239 4265.13
1241 7129.2
1242 0
1243 338.646
1244 0
1245 0
1246 0
1247 48783.6
1248 8869.78
1252 0
1253 13072.6
1254 0
1255 0
1256 0
1257 0
1258 0
1259 10282.6
1260 81.3724
1261 2297.31
1262 0
1264 0
1267 33831.5
1268 0
1269 0
1271 0
1272 0
1273 0
1274 0
1275 0
1276 0
1278 0
1279 52785.7
1280 0
1281 0
1282 1210.88
1284 8171.7
1285 9943.68
1286 21398.5
1290 0
1291 17117.4
1292 0
1293 0
1294 0
1295 0
1296 6711.98
1297 137380
1298 0
1299 0
1301 0
1302 0
1303 0
1304 0
1305 120901
1306 0
1308 0
1309 0
1310 7151.14
1311 0
1312 0
1313 0
1314 0
1315 3708.64
1316 0
1317 0
1318 0
1319 51132.3
1320 0
1322 6003.98
1324 0
1325 0
1326 2445.1
1327 0
1328 0
1329 0
1331 0
1332 0
1333 0
1334 0
1335 0
1336 0
1337 0
1338 0
1339 0
1340 0
1341 0
1342 0
1343 0
1344 0
1345 0
1346 0
1349 0
1350 0
1351 0
1352 138737
1353 4527.98
1354 0
1355 0
1356 0
1357 60955.7
1358 0
1359 0
1360 8767.63
1361 0
1362 0
1365 0
1366 0
1367 0
1368 0
1369 0
1370 0
1373 0
1374 145684
1375 414.184
1376 0
1377 4862.48
1378 2201.71
1379 0
1380 0
1381 0
1382 6363.69
1383 0
1384 25400.8
1385 37160.5
1386 0
1387 0
1388 0
1390 9166.76
1391 0
1392 0
1393 1406.91
1394 4842.9
1395 0
1397 0
1398 0
1399 0
1400 0
1401 0
1403 11466.8
1404 0
1405 0
1406 0
1407 5026.03
1408 0
1409 0
1410 0
1411 361.205
1416 5995.22
1419 6807.96
1420 536.979
1421 0
1422 0
1423 0
1424 0
1426 0
1427 0
1428 54108.1
1429 0
1430 0
1431 0
1432 2380.53
1433 0
1434 0
1436 0
1438 0
1439 4316.28
1440 0
1441 9655.6
1442 17296.5
1443 0
1444 5192.75
1445 0
1446 2459.49
1447 0
1448 0
1449 0
1450 0
1451 0
1452 0
1454 0
1455 0
1456 0
1457 0
1458 0
1459 0
1460 0
1461 0
1462 0
1463 0
1465 693.95
1466 0
1467 0
1468 1828.86
1469 0
1470 0
1471 29038
1472 4.90877
1473 76868.2
1474 0
1480 0
1481 0
1482 5776.15
1483 0
1487 17263.5
1488 0
1489 22986.6
1492 55206.4
1493 4865.99
1494 0
1495 0
1496 61359.3
1497 14621.9
1498 11550.7
1499 0
1500 0
1501 7341
1502 0
1503 0
1504 0
1505 0
1506 9188.14
1507 71.6795
1509 0
1510 2264.22
1511 0
1512 0
1515 0
1516 0
1517 0
1519 0
1520 4891.14
1521 16414
1522 0
1523 0
1524 2547.02
1525 13190.6
1526 0
1527 0
1528 0
1529 0
1530 0
1534 4899.02
1535 0
1536 0
1537 6055.7
1538 18349.1
1539 0
1540 0
1541 0
1542 49014.6
1543 0
1545 0
1546 0
1547 3510.95
1548 10248.1
1549 838174
1550 10509.2
1551 0
1552 0
1553 0
1554 0
1555 7339.88
1558 0
1559 0
1560 0
1561 0
1564 13223.1
1565 1199.11
1566 6676.72
1568 0
1569 154.009
1570 0
1571 16636.9
1572 0
1574 0
1575 0
1576 0
1578 0
1579 0
1581 3.92057
1582 0
1583 5612.93
1584 0
1585 37056.5
1587 2545.98
1588 0
1589 0
1590 0
1591 0
1592 7710.39
1594 0
1596 9992.87
1599 0
1601 0
1602 0
1603 6475.56
1604 277.31
1605 0
1606 0
1607 0
1608 102206
1609 0
1610 947.931
1611 0
1612 7824.42
1613 6635.96
1614 0
1615 0
1616 0
1617 0
1619 10.1844
1620 0
1621 21717.4
1622 29410.5
1623 0
1625 0
1626 0
1627 0
1628 1284.18
1630 0
1631 0
1632 0
1634 0
1635 0
1636 5.46325
1637 5162.53
1638 17850.3
1639 0
1641 4778.33
1642 0
1643 0
1644 0
1645 0
1646 10103.5
1647 0
1650 0
1651 0
1653 690.539
1655 0
1656 0
1658 5494.44
1659 0
1660 0
1661 48002.2
1662 1563.31
1663 0
1664 2316.34
1665 0
1666 0
1667 0
1668 0
1670 0
1671 0
1674 0
1675 0
1676 0
1677 0
1678 516.694
1680 1392.65
1681 0
1682 0
1683 0
1684 0
1685 0
1686 0
1687 2476.08
1688 16601.3
1689 5.15037
1690 0
1691 0
1692 63.6509
1693 0
1694 0
1695 0
1696 0
1697 26243.3
1698 0
1699 0
1700 31566.9
1701 43130.6
1703 0
1704 0
1705 22195.3
1706 3697.62
1707 6415.09
1708 0
1709 0
1710 0
1711 0
1712 0
1713 0
1714 2838.34
1715 0
1716 2409.75
1717 62113.8
1719 0
1720 0
1721 0
1722 0
1723 167.29
1724 0
1725 0
1728 0
1729 12094.2
1730 5311.45
1731 0
1732 3425.38
1733 4770.51
1734 16745.5
1735 0
1736 0
1737 0
1738 0
1739 0
1740 0
1741 0
1742 0
1743 0
1744 12833.2
1745 0
1746 5906.21
1747 553.123
1748 0
1749 7426.29
1751 0
1753 0
1754 14813.3
1755 0
1756 0
1757 1841.69
1758 163.219
1759 0
1760 0
1761 0
1762 0
1763 0
1764 0
1765 0
1766 0
1767 0
1769 26345.7
1770 607.316
1772 41858.3
1773 0
1775 0
1777 15.2426
1778 0
1781 6079.99
1782 0
1783 11091
1784 0
1785 0
1789 0
1790 0
1792 8136.4
1794 0
1795 0
1796 0
1797 0
1799 15242.4
1800 0
1803 0
1804 0
1805 182.29
1806 0
1807 0
1808 40584.6
1809 0
1810 0
1811 24774.4
1812 0
1813 0
1814 21521.5
1816 6973.68
1820 0
1821 0
1822 0
1823 14693.4
1825 0
1826 0
1827 0
1828 0
1829 0
1830 0
1831 0
1832 0
1833 4892.21
1834 0
1835 24233.1
1836 24905.8
1837 2237.51
1838 0
1839 0
1840 0
1841 0
1844 0
1845 0
1846 0
1847 13063.7
1848 2191.03
1849 16397.4
1852 0
1853 0
1855 38977.7
1856 0
1857 2767.21
1858 35.8608
1859 7509.84
1860 0
1862 0
1863 0
1865 6396.97
1866 0
1867 0
1868 0
1869 0
1870 0
1871 0
1872 0
1873 0
1874 0
1875 0
1876 0
1879 0
1881 0
1882 0
1883 0
1885 0
1886 0
1887 0
1888 12541.4
1889 0
1890 0
1891 0
1892 0
1894 0
1895 0
1896 0
1897 0
1899 0
1900 0
1901 41.7054
1902 0
1905 0
1906 0
1907 0
1908 14768.4
1909 0
1911 0
1912 0
1913 0
1914 0
1915 4161.28
1916 0
1917 0
1918 8426.54
1919 56881.8
1921 0
1922 0
1923 0
1924 0
1925 0
1926 0
1927 151.669
1928 0
1929 0
1930 0
1931 0
1932 0
1933 0
1934 0
1935 10836.8
1937 0
1938 0
1939 0
1940 0
1941 0
1943 0
1944 0
1945 0
1946 0
1947 0
1948 0
1951 0
1952 0
1955 37.9768
1958 0
1959 0
1960 0
1961 2602.37
1962 0
1964 10153.6
1965 1251.85
1966 6385.92
1967 0
1968 0
1972 33403.9
1975 0
1976 0
1977 15807.5
1978 0
1979 224.127
1980 0
1981 0
1982 49125.7
1984 2805.88
1985 7508.39
1986 0
1988 0
1989 0
1990 19018
1991 4930.96
1992 8057.58
1993 0
1994 0
1995 0
1996 0
1997 24351
2000 0
2001 15575.5
2002 0
2003 0
2005 0
2008 0
2009 0
2010 0
2011 0
2012 0
2013 0
2014 11959.9
2015 0
2016 3409.31
2017 0
2018 0
2019 0
2020 0
2021 0
2023 0
2024 0
2025 0
2026 0
2027 0
2028 0
2029 0
2030 0
2031 0
2032 0
2033 0
2034 0
2035 0
2036 0
2037 0
2038 0
2040 0
2041 0
2042 0
2044 0
2045 0
2047 0
2049 0
2050 0
2051 0
2052 0
2053 364.083
2054 0
2056 0
2057 0
2058 0
2059 0
2061 0
2062 45820.7
2063 0
2064 0
2065 0
2067 0
2068 0
2069 948.59
2070 0
2071 1730.65
2072 13884.5
2077 0
2081 0
2082 0
2083 8.74076
2084 0
2085 12610.4
2086 0
2087 0
2088 0
2089 0
2090 0
2091 4665.19
2092 7.64823
2093 0
2094 0
2095 12308.3
2096 0
2097 1859.19
2099 0
2100 0
2102 15662.2
2103 0
2104 0
2105 0
2108 0
2109 2120.94
2110 0
2111 0
2112 142.096
2113 0
2114 17738.4
2115 0
2116 5171.66
2117 6881.7
2118 0
2119 230.297
2120 65390.8
2121 7.11596
2125 0
2126 0
2127 0
2128 1061.15
2129 3637.75
2130 0
2131 0
2132 0
2133 2653.75
2134 27234
2135 43708.9
2136 0
2138 0
2139 0
2141 0
2142 0
2143 0
2144 19167
2145 60178.8
2146 0
2147 0
2148 0
2149 0
2150 0
2152 0
2153 0
2155 0
2156 0
2159 0
2160 45092.2
2161 0
2163 2331.48
2164 0
2167 0
2168 2397.44
2169 0
2170 0
2171 0
2172 0
2173 0
2174 22138
2175 0
2176 0
2177 0
2178 318.595
2179 0
2180 0
2181 4720.07
2182 2507.27
2183 0
2184 0
2186 0
2187 0
2188 0
2189 0
2190 0
2191 0
2192 0
2193 12685.3
2194 0
2196 0
2197 0
2198 0
2199 0
2200 0
2201 0
2203 0
2204 0
2206 4222.25
2209 6414.72
2210 9796.12
2212 0
2213 0
2214 0
2215 0
2216 0
2217 0
2218 0
2219 0
2221 0
2222 0
2223 8992.06
2224 0
2225 9186.85
2226 0
2227 0
2228 0
2229 12583.7
2230 0
2231 21760.7
2232 0
2233 415.069
2234 2715.51
2235 0
2236 0
2237 238579
2238 0
2239 0
2240 49794
2241 2744.49
2242 2399.77
2243 0
2246 4102.53
2249 0
2250 0
2251 18739.4
2252 12528.8
2254 0
2255 0
2256 115207
2257 10906.5
2258 15487.7
2259 0
2260 0
2261 0
2262 0
2264 26239.7
2265 0
2266 0
2267 0
2268 0
2269 0
2270 0
2272 0
2274 0
2276 18023.3
2277 5656.41
2278 0
2280 0
2281 18.3078
2282 0
2283 0
2285 72239
2286 0
2287 0
2288 0
2289 13045
2290 30591.9
2291 0
2292 0
2293 0
2294 5302.98
2295 0
2296 0
2297 48961.9
2298 0
2299 0
2300 0
2301 0
2302 0
2304 0
2306 0
2307 5204.55
2308 0
2309 0
2310 0
2311 0
2312 0
2313 0
2314 0
2315 0
2316 0
2317 0
2318 0
2319 0
2320 0
2321 0
2322 6317.68
2323 75855.1
2324 5316.74
2325 4867.84
2326 41037.6
2328 263249
2330 0
2331 0
2332 5890.77
2334 0
2335 0
2336 0
2337 0
2338 4106.23
2340 2609.07
2342 630.988
2343 0
2344 0
2346 0
2349 0
2351 0
2352 0
2353 0
2354 7978.77
2355 0
2356 8326.62
2357 0
2359 0
2360 0
2361 0
2363 0
2364 6245.03
2365 2316
2366 268.14
2367 0
2368 0
2369 40879.6
2370 0
2371 36660.8
2372 0
2373 0
2374 0
2375 14269.9
2376 1497.67
2378 27.4512
2379 0
2380 0
2381 21251.4
2382 0
2384 20632.1
2387 0
2388 0
2389 0
2390 0
2391 0
2392 0
2393 0
2394 0
2395 0
2396 0
2398 183723
2399 0
2401 0
2402 0
2403 0
2404 0
2405 0
2406 0
2407 0
2410 12944.9
2411 53284.1
2412 0
2413 0
2414 0
2415 0
2416 5012.37
2417 0
2418 0
2419 0
2424 0
2427 0
2428 0
2429 0
2433 12611.9
2434 0
2435 9185.97
2437 0
2438 0
2439 0
2440 15216.6
2441 0
2442 0
2443 0
2444 0
2445 0
2446 0
2447 0
2448 0
2449 0
2450 0
2451 0
2452 0
2453 0
2454 0
2455 0
2456 11948.2
2457 0
2458 0
2459 0
2460 0
2461 0
2462 0
2463 0
2464 0
2465 0
2466 0
2467 0
2469 0
2471 0
2472 0
2473 0
2474 37608.7
2475 8076.74
2476 0
2477 0
2478 0
2480 0
2481 0
2482 0
2485 175052
2487 0
2488 0
2489 0
2491 0
2492 0
2493 0
2494 0
2495 0
2496 0
2497 0
2498 0
2500 0
2502 0
2503 0
2504 57511.4
2505 0
2506 21851.1
2507 19944.1
2508 16874.3
2509 0
2510 12299
2511 2944.78
2512 0
2513 0
2514 0
2515 0
2516 30352.3
2517 11793.2
2518 0
2519 0
2520 0
2521 0
2522 0
2523 0
2524 0
2526 0
2527 0
2528 0
2529 0
2530 0
2531 0
2534 0
2535 85735.7
2536 0
2537 0
2538 0
2540 0
2541 0
2542 23284.7
2543 0
2544 10577.5
2545 0
2546 0
2547 16822.5
2548 0
2549 0
2550 10956.5
2551 0
2552 185.383
2555 0
2556 0
2557 0
2558 0
2559 0
2560 29252.1
2561 0
2562 0
2563 0
2564 0
2565 893346
2566 0
2567 0
2568 0
2569 0
2570 89.5722
2572 0
2573 0
2574 0
2576 105695
2577 0
2578 0
2581 0
2582 0
2583 0
2584 0
2585 21016.8
2586 0
2587 15243.6
2592 4132.51
2593 21357.6
2594 31904.4
2595 10767.1
2596 0
2597 201.895
2598 0
2599 2656.16
2603 0
2605 13782.6
2606 0
2607 1.65692
2608 0
2609 0
2610 0
2611 0
2612 7929.7
2613 0
2614 0
2615 0
2616 0
2617 2424.87
2618 8460.08
2619 25850.1
2620 19359.2
2621 0
2623 37222.4
2624 0
2626 0
2627 0
2628 0
2630 0
2631 0
2632 0
2633 0
2634 0
2635 0
2636 0
2637 0
2638 31.6203
2639 0
2640 0
2641 0
2642 0
2644 0
2645 2347.02
2646 11997.1
2647 652.925
2648 0
2649 0
2651 169891
2653 44695.6
2654 102489
2655 18253
2656 0
2657 45227.9
2658 201818
2659 0
2660 67328.6
2661 0
2662 5457.67
2663 0
2664 0
2665 7874.82
2667 53212.9
2668 0
2671 0
2672 19.7745
2673 0
2674 19384
2675 0
2676 0
2677 0
2680 0
2682 0
2683 0
2684 0
2686 55882.9
2687 1007.26
2688 0
2689 11842
2690 0
2691 0
2692 0
2693 38846.4
2694 0
2695 0
2696 11535.5
2697 11252.7
2698 0
2699 0
2700 17247.3
2701 0
2702 0
2703 0
2704 0
2705 0
2706 0
2707 26908.4
2708 3862.64
2709 0
2711 0
2713 25419.2
2715 0
2716 0
2717 0
2718 0
2719 0
2721 98.3976
2722 0
2723 0
2724 5427.22
2725 0
2727 9547.86
2728 0
2729 0
2730 0
2731 0
2733 0
2734 0
2736 2379.13
2737 0
2738 0
2739 0
2740 0
2741 0
2744 0
2746 22269.1
2747 17549.5
2748 0
2749 0
2752 0
2753 0
2755 0
2757 0
2758 0
2759 0
2760 7634.54
2761 0
2762 0
2764 2647.01
2765 9577.72
2766 0
2767 0
2768 5766.5
2769 0
2770 11576.1
2771 0
2772 0
2773 0
2774 36522.9
2775 29306
2776 0
2778 0
2779 0
2780 0
2782 0
2783 0
2784 0
2785 14342.7
2786 0
2787 4990.03
2788 0
2789 0
2790 94737.7
2791 0
2792 0
2793 0
2796 0
2799 5747.64
2802 0
2803 0
2804 0
2807 0
2808 0
2811 3167.71
2813 0
2815 2849.96
2817 0
2818 1.25
2819 9062.8
2822 24661.2
2823 0
2824 0
2826 0
2827 0
2830 3558.14
2831 18667.6
2832 0
2833 0
2834 3679.97
2835 0
2838 1208.08
2839 0
2840 0
2841 0
2842 0
2844 33.4113
2845 0
2846 0
2847 0
2848 0
2849 0
2850 0
2851 28763.2
2852 0
2853 0
2855 0
2856 5355.74
2857 0
2858 0
2859 58378.8
2860 0
2861 0
2862 0
2863 0
2864 0
2865 0
2866 0
2867 0
2868 0
2869 0
2870 0
2871 150822
2872 0
2875 0
2876 0
2879 0
2880 16503.3
2881 0
2882 0
2883 0
2884 0
2885 0
2886 0
2887 0
2888 0
2889 0
2890 0
2891 0
2892 0
2893 0
2894 0
2895 0
2896 0
2898 0
2899 0
2900 10100.1
2901 0
2903 0
2904 0
2905 0
2906 0
2907 0
2908 0
2909 20702.3
2912 2608.69
2913 0
2914 882.79
2916 0
2917 4833.41
2918 2415.87
2919 0
2921 0
2923 19301.7
2924 0
2925 9058.81
2928 8.18151
2929 0
2930 0
2931 0
2932 16019
2933 0
2935 0
2936 0
2938 0
2939 0
2940 99282.7
2941 0
2944 0
2945 0
2947 0
2948 0
2949 0
2950 0
2951 5003.86
2952 0
2953 0
2954 0
2957 0
2958 39709.1
2960 0
2961 0
2962 0
2964 0
2965 0
2967 0
2968 6834.99
2969 0
2970 0
2971 0
2972 76038.2
2974 6286.07
2975 0
2976 0
2978 0
2980 0
2981 9359.89
2982 0
2983 0
2985 0
2986 0
2987 0
2988 0
2989 0
2991 12278.4
2992 0
2993 4727.11
2994 0
2995 0
2998 0
2999 6345.21
3000 12287.8
3001 0
3002 2472.86
3003 0
3004 0
3005 13980.7
3006 0
3007 3269.84
3008 0
3009 11410
3010 20772.9
3011 0
3012 0
3013 0
3015 14495
3016 0
3017 0
3018 18993.8
3019 0
3020 17861.6
3021 900.595
3022 0
3024 35621.9
3025 0
3026 64962.4
3027 25269.9
3028 101707
3029 777.485
3031 0
3032 0
3033 8152.49
3034 26048
3035 0
3036 5159.11
3037 0
3038 0
3039 0
3040 0
3041 0
3042 0
3043 0
3044 0
3046 0
3047 0
3048 0
3049 0
3051 0
3052 0
3053 0
3054 0
3055 0
3056 10447.7
3057 0
3059 10572.7
3060 0
3061 0
3062 0
3063 0
3066 0
3070 0
3071 0
3072 0
3073 4340.65
3074 0
3075 0
3076 0
3077 0
3078 0
3081 0
3083 0
3084 56258
3085 0
3086 0
3087 0
3088 0
3089 13729.8
3090 0
3091 0
3092 21302.1
3093 0
3094 0
3095 0
3096 0
3097 0
3098 0
3101 0
3102 0
3103 4704.39
3106 7162.92
3107 0
3108 0
3109 1325.24
3110 0
3111 0
3112 0
3113 0
3114 8.42627
3115 0
3118 0
3119 0
3120 0
3123 0
3124 0
3125 10055.3
3126 28.6753
3127 0
3128 0
3129 0
3131 0
3132 0
3133 0
3134 0
3135 0
3137 0
3140 2089.85
3142 0
3143 0
3144 17276.5
3145 1863.5
3146 0
3147 0
3148 8904.15
3149 0
3150 4078.22
3151 0
3152 0
3153 0
3154 0
3156 0
3158 0
3159 0
3160 0
3162 0
3163 0
3165 0
3166 0
3167 0
3168 0
3169 0
3171 8.85072
3172 0
3173 7243.07
3174 0
3175 0
3176 0
3180 2400.56
3181 0
3182 0
3183 0
3184 0
3185 0
3186 0
3187 0
3188 0
3189 0
3190 0
3191 14639
3192 36423.8
3194 0
3196 0
3197 0
3198 0
3199 0
3200 4167.39
3202 0
3203 0
3204 0
3206 0
3207 0
3208 0
3209 0
3210 0
3211 0
3212 0
3213 0
3214 0
3215 0
3216 0
3217 0
3218 0
3219 0
3220 0
3221 0
3222 0
3223 0
3224 0
3225 0
3226 0
3227 0
3228 0
3229 0
3230 0
3231 0
3232 0
3233 0
3234 0
3235 9.57289
3238 30949.2
3239 0
3240 0
3241 0
3242 0
3244 0
3246 0
3247 0
3248 0
3249 0
3250 0
3252 0
3255 106.39
3256 119.566
3257 0
3258 22056.9
3259 0
3260 9769.62
3261 0
3262 0
3263 0
3264 0
3267 0
3268 0
3269 0
3270 0
3271 10.5121
3272 0
3273 0
3274 12737.9
3275 0
3276 32675.9
3277 0
3278 0
3279 0
3280 0
3281 0
3282 0
3284 18209.9
3285 6.566
3288 0
3290 0
3291 29016.3
3292 0
3293 4184.03
3294 0
3296 0
3297 7970.47
3298 0
3299 0
3300 0
3301 843.965
3302 0
3303 0
3304 0
3305 0
3306 0
3309 3207.16
3310 8020.06
3311 0
3312 0
3313 2467.54
3314 0
3315 0
3316 0
3317 0
3318 0
3320 1534.51
3321 19552.4
3322 0
3323 0
3325 0
3326 0
3331 0
3332 0
3333 0
3334 34589.3
3335 0
3338 78.3531
3339 0
3340 0
3341 0
3342 0
3343 0
3344 0
3345 0
3346 2356.12
3348 21487.6
3349 0
3350 0
3352 219229
3353 0
3354 0
3355 0
3356 0
3357 0
3358 0
3359 0
3360 0
3361 0
3362 0
3366 0
3367 0
3368 0
3369 0
3370 0
3373 0
3374 0
3375 0
3377 0
3378 0
3379 0
3380 0
3381 24739.4
3382 0
3383 0
3384 0
3385 0
3386 0
3388 0
3389 0
3390 0
3391 0
3392 0
3393 3444.52
3394 53814.4
3395 0
3396 0
3397 0
3398 0
3399 0
3400 0
3401 0
3402 0
3403 0
3404 27872
3405 0
3406 0
3407 0
3409 23.5113
3411 0
3412 0
3416 0
3417 10895.1
3418 0
3422 0
3423 0
3424 0
3425 0
3426 0
3427 0
3433 3616.78
3434 0
3435 600.218
3436 0
3437 0
3438 0
3439 39859.1
3440 0
3441 0
3443 35311.5
3444 0
3445 0
3447 92856.5
3448 0
3449 0
3450 0
3451 0
3452 31979.2
3453 98153.2
3454 45123.4
3455 9022.35
3456 201175
3457 0
3458 12443.2
3459 118010
3460 13884.1
3461 9159.07
3462 0
3463 5363.48
3465 33.1571
3466 0
3467 0
3468 0
3469 0
3470 0
3471 0
3472 0
3475 0
3477 0
3478 0
3479 34123.7
3480 14079.7
3481 0
3482 0
3483 3298.17
3487 0
3488 0
3490 0
3491 0
3492 0
3493 0
3494 0
3495 0
3496 0
3497 0
3498 72978.1
3499 0
3500 0
3504 0
3508 0
3509 0
3510 0
3511 0
3512 0
3513 0
3514 0
3515 0
3518 0
3519 0
3520 15.4295
3521 0
3522 0
3523 0
3524 0
3525 0
3526 0
3527 0
3528 0
3530 0
3531 0
3532 0
3535 0
3536 0
3538 78.5205
3539 0
3540 0
3541 16488
3542 0
3543 0
3544 0
3545 0
3550 0
3551 0
3552 0
3553 0
3554 1416.46
3555 537.152
3556 379.784
3557 2985.04
3558 0
3560 0
3561 0
3562 35993.9
3563 0
3564 0
3565 0
3566 0
3567 1207.24
3568 77391.4
3569 0
3571 0
3576 2445.17
3577 0
3578 0
3579 0
3581 0
3582 0
3583 0
3584 0
3585 0
3586 69342.7
3587 20995.6
3589 0
3590 0
3591 2316
3593 0
3594 0
3595 0
3596 0
3597 0
3598 0
3599 0
3600 0
3601 0
3602 0
3603 0
3604 0
3605 0
3606 0
3607 9128.01
3610 0
3611 0
3613 0
3614 36846
3615 37208.5
3618 0
3619 0
3620 0
3621 0
3622 0
3624 0
3625 0
3628 0
3629 2509.7
3630 0
3631 63436.4
3632 0
3633 0
3634 45392.2
3635 17291.8
3636 0
3637 0
3638 0
3639 0
3640 0
3641 0
3642 0
3643 29795
3645 20778.1
3646 410.198
3647 0
3648 0
3649 0
3651 0
3652 0
3653 0
3654 0
3655 0
3656 0
3657 0
3658 0
3659 0
3660 8498.3
3661 6237.87
3662 0
3663 0
3664 2663.06
3665 0
3666 0
3667 0
3668 0
3673 0
3674 0
3675 0
3676 0
3677 0
3678 0
3679 0
3681 55.8747
3682 0
3683 0
3684 0
3685 0
3686 0
3687 0
3688 0
3689 0
3690 0
3691 44681.4
3692 0
3693 0
3694 0
3695 0
3696 0
3697 0
3698 0
3700 0
3702 0
3703 0
3704 0
3705 0
3706 0
3707 0
3709 0
3711 0
3712 0
3714 0
3715 0
3717 2861.54
3718 0
3719 0
3720 5805.36
3722 0
3723 0
3724 10859
3725 0
3726 2277.39
3727 0
3728 0
3729 0
3730 0
3731 0
3733 0
3735 0
3742 0
3743 0
3744 0
3746 0
3747 0
3748 16807.3
3749 0
3750 0
3751 0
3752 10364.4
3753 0
3754 0
3757 0
3758 0
3759 0
3760 0
3761 0
3762 0
3763 0
3764 0
3765 0
3766 0
3767 0
3770 5642.39
3771 0
3772 58.9463
3774 0
3775 0
3777 0
3779 0
3780 0
3781 0
3782 0
3783 0
3784 0
3785 1118.72
3786 0
3787 47583
3788 0
3791 0
3792 27419.1
3794 0
3795 0
3796 50324.2
3798 0
3799 0
3800 1695.92
3801 0
3802 0
3803 10213.7
3804 154.367
3805 0
3806 19819.5
3809 56.6542
3810 0
3812 18097.4
3813 22805.8
3814 0
3815 0
3817 0
3819 0
3821 0
3823 0
3824 0
3827 0
3829 0
3830 20857
3832 1.61686
3833 0
3834 0
3835 7307.8
3836 0
3837 0
3839 0
3840 0
3841 0
3842 2411.22
3843 11063.3
3844 0
3845 0
3848 0
3850 0
3851 0
3854 13685.7
3855 0
3858 0
3862 0
3863 0
3864 0
3865 0
3869 0
3870 0
3871 4076.68
3872 0
3873 7854.93
3876 0
3877 0
3878 0
3881 0
3882 0
3883 0
3885 393.95
3886 0
3888 4.23176
3889 0
3890 0
3891 0
3894 0
3895 0
3896 0
3897 29154.6
3898 14511.7
3900 0
3901 0
3902 0
3904 0
3905 0
3906 0
3907 0
3909 0
3910 19773.8
3911 25.7656
3912 166.232
3916 0
3917 0
3918 0
3919 4478.67
3920 0
3922 1564.75
3923 0
3924 0
3925 0
3927 0
3928 0
3929 0
3930 0
3931 0
3932 0
3935 0
3936 0
3941 0
3943 0
3944 0
3945 0
3947 0
3948 0
3949 796.855
3952 0
3953 0
3954 0
3955 0
3956 12609.8
3957 0
3958 9575.57
3959 0
3960 0
3961 0
3962 16205.5
3963 0
3964 0
3965 0
3966 0
3968 0
3969 28441
3971 338.375
3973 2156.53
3976 167785
3977 0
3978 0
3979 0
3980 23.6991
3981 0
3982 0
3983 0
3984 0
3985 0
3986 0
3987 0
3989 0
3990 0
3991 0
3992 0
3995 0
3997 0
3998 0
3999 24.0802
4000 0
4001 0
4005 0
4006 0
4007 0
4008 0
4009 169.529
4010 0
4013 7312.24
4015 0
4016 0
4019 0
4020 0
4023 0
4024 2425.93
4025 0
4026 0
4027 0
4028 0
4034 0
4035 0
4036 0
4037 192354
4038 0
4039 0
4040 46012.7
4041 34581.9
4042 0
4044 33305.9
4045 0
4046 0
4048 0
4050 0
4051 21.2077
4053 0
4055 5767.25
4056 0
4057 0
4059 0
4061 0
4062 0
4063 0
4064 0
4065 27363.7
4066 0
4067 0
4068 38.164
4069 0
4070 0
4071 18867.4
4072 20513.4
4073 0
4074 0
4075 0
4076 0
4077 0
4078 2353.48
4079 0
4080 0
4082 0
4083 0
4085 0
4089 0
4090 0
4091 0
4092 0
4093 0
4095 0
4096 0
4097 0
4098 8459.95
4099 137299
4100 0
4103 116.797
4104 0
4105 0
4106 0
4107 0
4108 0
4109 0
4110 30335.1
4111 370.668
4116 0
4119 0
4120 0
4121 0
4122 0
4123 0
4124 39627.5
4125 0
4126 0
4127 4526.1
4128 0
4129 0
4130 0
4131 0
4132 0
4133 0
4134 5854.03
4135 0
4136 0
4137 0
4138 31050.4
4139 0
4140 0
4141 0
4142 0
4143 0
4144 0
4145 0
4146 0
4147 0
4148 0
4149 0
4150 0
4151 0
4152 0
4153 0
4154 0
4155 0
4159 0
4162 4393.93
4163 0
4164 0
4165 0
4166 0
4167 0
4169 0
4170 0
4174 0
4175 18817.9
4176 0
4177 0
4178 0
4180 0
4184 0
4185 0
4186 0
4187 0
4189 3197.15
4190 0
4191 61812.1
4192 0
4194 0
4195 0
4197 0
4198 0
4199 11456.7
4200 0
4201 19072.7
4202 0
4203 0
4204 0
4205 0
4206 0
4207 0
4208 0
4209 0
4210 0
4211 2073.01
4212 30669.2
4213 0
4214 0
4215 0
4216 33.6614
4217 0
4219 15643
4220 4798.64
4221 0
4222 0
4223 0
4224 0
4225 0
4228 0
4229 0
4231 7.29031
4232 0
4233 429.606
4234 2411.08
4236 0
4238 0
4240 0
4241 0
4242 0
4243 0
4244 0
4245 0
4246 0
4248 0
4249 0
4250 0
4251 0
4252 0
4255 0
4257 0
4259 0
4260 0
4261 48137.9
4263 5458.72
4266 7944.87
4267 0
4269 2658.8
4273 0
4274 0
4275 0
4276 6679.54
4277 0
4278 0
4279 0
4280 0
4282 0
4283 0
4284 0
4285 0
4290 768.288
4291 0
4292 0
4295 0
4296 0
4297 14858.2
4298 1301.57
4304 0
4305 0
4306 0
4307 0
4308 0
4310 161180
4312 0
4313 0
4314 0
4315 12555.4
4316 0
4317 0
4318 0
4319 0
4320 0
4321 0
4322 0
4324 0
4325 0
4326 0
4327 0
4328 0
4329 0
4331 73.864
4333 0
4334 0
4335 56311.7
4336 0
4337 0
4338 18088.1
4340 0
4341 201.799
4342 0
4343 0
4344 0
4345 0
4346 0
4347 0
4348 0
4351 395.574
4352 0
4353 0
4354 0
4355 3734.02
4357 0
4358 0
4360 0
4361 8570.63
4362 0
4363 0
4364 0
4366 0
4368 0
4369 0
4370 0
4371 0
4372 0
4375 0
4377 0
4378 0
4379 0
4380 0
4381 0
4382 0
4383 0
4393 0
4394 0
4395 0
4396 0
4397 0
4398 0
4399 0
4400 14679.3
4401 14284
4404 0
4405 0
4406 0
4407 0
4408 0
4409 0
4412 3244.38
4414 0
4415 0
4416 0
4418 0
4422 3538.25
4423 0
4425 0
4426 0
4427 0
4428 0
4429 0
4430 0
4431 0
4432 12410.6
4433 0
4434 0
4435 5361.96
4436 0
4437 0
4438 0
4439 0
4440 0
4441 18336
4442 0
4443 0
4444 0
4445 0
4446 0
4447 0
4448 18448.6
4449 0
4450 0
4451 0
4452 0
4454 0
4455 0
4456 0
4457 0
4458 0
4459 0
4460 0
4461 0
4462 0
4464 0
4465 0
4467 0
4468 4609.71
4469 0
4470 0
4471 2322.82
4473 0
4474 0
4475 0
4476 0
4477 0
4478 0
4479 0
4482 731.982
4483 57948.2
4485 15622.6
4486 0
4487 0
4488 13207.8
4489 0
4490 0
4491 0
4492 0
4493 0
4494 0
4495 0
4496 0
4497 0
4498 0
4500 7098.62
4502 0
4503 0
4504 0
4507 7551.16
4508 0
4509 0
4511 0
4516 0
4523 0
4524 0
4526 0
4527 4820.38
4530 5238.55
4531 8769.47
4532 0
4533 0
4534 9610.3
4535 0
4536 75231.9
4538 0
4540 0
4542 0
4543 0
4545 0
4547 11442.7
4550 887.948
4553 0
4554 0
4555 0
4556 0
4557 13414.6
4558 63.5499
4560 0
4563 0
4564 0
4565 0
4566 0
4567 0
4568 0
4569 0
4574 17033.6
4575 0
4576 0
4577 0
4581 0
4582 0
4586 0
4587 14425.6
4588 5725.33
4591 0
4592 0
4593 0
4594 0
4595 0
4596 0
4597 0
4598 0
4599 0
4600 29829.3
4601 0
4602 0
4603 0
4604 3779.49
4607 0
4608 0
4609 0
4611 0
4612 0
4615 0
4616 0
4617 0
4618 0
4619 0
4622 0
4623 0
4624 0
4625 3577.64
4626 0
4627 0
4629 0
4630 0
4631 23.7826
4632 68971.8
4633 0
4635 0
4636 0
4638 0
4640 0
4641 0
4644 0
4645 142.956
4647 0
4649 0
4651 0
4652 0
4653 67282.1
4654 16785.7
4655 0
4659 0
4660 0
4661 11866.1
4662 12027.1
4663 0
4664 0
4665 0
4666 30791.9
4667 0
4668 0
4669 0
4670 0
4671 0
4672 0
4673 0
4674 0
4675 0
4681 0
4682 0
4683 0
4686 0
4687 47247.6
4688 0
4689 4738.1
4692 0
4693 0
4694 0
4695 0
4696 0
4697 0
4698 0
4699 0
4700 0
4701 0
4702 0
4703 0
4704 0
4705 0
4706 2883.66
4707 0
4708 0
4709 17467.1
4710 0
4711 0
4712 117135
4714 0
4715 2190.15
4716 0
4717 23489.8
4718 0
4720 0
4721 0
4723 0
4725 0
4726 0
4727 0
4733 0
4736 0
4737 0
4738 0
4739 0
4740 0
4741 0
4742 0
4743 0
4744 0
4745 0
4746 0
4748 11924.1
4749 0
4750 0
4751 0
4752 0
4753 0
4754 0
4755 0
4756 0
4757 0
4759 0
4760 0
4761 0
4762 0
4763 0
4764 7461.21
4765 0
4766 0
4767 0
4771 0
4773 0
4774 0
4777 5185.07
4778 10.9231
4781 11862.4
4782 0
4785 0
4786 218.393
4787 0
4788 0
4789 0
4790 0
4791 11781.8
4792 30138.8
4793 0
4794 0
4795 32583.3
4796 31301.4
4798 7542.53
4799 0
4800 0
4801 0
4803 0
4804 0
4805 0
4806 0
4807 0
4810 0
4813 0
4814 3783.98
4816 0
4817 0
4818 0
4819 0
4821 0
4823 0
4824 35048.3
4825 0
4826 0
4827 4460.93
4828 140376
4829 0
4830 0
4832 0
4833 0
4834 0
4835 0
4836 0
4837 0
4838 0
4839 0
4840 0
4841 0
4842 0
4843 0
4844 0
4845 0
4846 12265.1
4847 0
4848 0
4849 0
4850 0
4851 0
4852 0
4853 0
4854 0
4855 0
4856 0
4857 0
4858 0
4859 0
4860 0
4861 0
4862 0
4863 0
4864 0
4866 37.4926
4867 0
4868 0
4869 0
4870 0
4871 0
4872 0
4873 0
4874 0
4879 3613.47
4881 0
4882 0
4883 0
4884 9629.01
4885 0
4889 0
4890 0
4891 0
4893 0
4894 0
4897 0
4898 0
4899 14522.9
4900 0
4901 0
4903 0
4904 0
4905 0
4906 0
4908 0
4909 0
4910 0
4911 0
4912 0
4913 0
4914 0
4915 0
4916 0
4917 0
4918 0
4919 0
4920 0
4921 0
4922 0
4923 0
4924 0
4925 0
4926 0
4927 0
4929 5715.65
4931 0
4932 0
4933 0
4934 652.694
4935 0
4936 0
4937 0
4938 1387.11
4943 0
4944 3278.21
4945 0
4947 0
4948 0
4950 0
4951 0
4952 0
4957 0
4960 0
4963 0
4964 25847.6
4965 0
4966 1506.43
4967 0
4969 0
4970 0
4971 0
4972 0
4973 0
4974 0
4975 0
4976 0
4977 7510.16
4978 0
4979 0
4980 4020.09
4981 38814.3
4982 0
4983 8646.73
4985 0
4986 2366.95
4988 0
4989 0
4992 278.219
4993 187.73
4994 9478.39
4995 0
4996 0
5000 0
5001 0
5002 98224.4
5003 0
5005 0
5006 0
5008 0
5009 0
5010 0
5011 0
5012 3540.75
5013 0
5015 0
5016 0
5017 0
5018 0
5019 0
5020 91405.3
5022 155790
5024 0
5028 25231.4
5029 0
5031 0
5032 0
5035 0
5036 0
5037 8298.28
5038 0
5039 0
5040 0
5043 19.2721
5046 0
5047 0
5048 0
5050 0
5051 0
5052 0
5053 0
5054 0
5057 0
5059 0
5060 0
5061 4678.6
5062 0
5063 0
5064 11933.2
5065 0
5067 0
5068 0
5069 0
5070 0
5071 0
5072 5183.83
5077 0
5078 0
5079 275185
5080 0
5081 0
5084 0
5085 0
5086 0
5087 0
5088 0
5089 0
5090 0
5091 0
5093 0
5095 0
5096 11873.9
5097 0
5098 0
5099 0
5102 0
5103 19323.2
5104 0
5105 0
5106 16164.3
5109 0
5110 0
5111 0
5112 0
5114 0
5116 0
5117 0
5118 0
5119 0
5121 4801.17
5122 0
5123 40993.5
5124 0
5125 0
5126 0
5127 0
5128 0
5129 0
5135 0
5136 0
5138 0
5139 0
5140 13194.9
5141 9.0447
5142 0
5143 0
5150 0
5151 0
5152 0
5153 0
5154 0
5155 10372.7
5158 0
5159 0
5160 0
5161 0
5162 16838.3
5163 0
5164 0
5166 0
5167 0
5171 0
5172 0
5173 0
5174 0
5175 0
5176 24021.2
5177 440.961
5178 12373.9
5179 139835
5180 0
5181 0
5182 6576.42
5183 0
5184 0
5185 0
5186 0
5187 0
5188 44676.3
5189 91713
5190 0
5191 0
5192 0
5193 0
5194 0
5195 0
5196 0
5197 0
5198 0
5199 8429.38
5200 12724.3
5201 0
5202 0
5203 0
5207 0
5209 0
5213 0
5214 0
5215 6077.76
5216 0
5217 0
5218 0
5219 0
5220 0
5221 0
5222 9428.6
5224 0
5225 0
5226 15753.9
5227 0
5228 0
5229 0
5230 0
5232 0
5233 31682.2
5238 0
5239 189.421
5241 0
5242 0
5243 0
5244 0
5246 12753.2
5247 0
5248 0
5249 0
5250 0
5251 0
5252 0
5254 77332.6
5255 2443.2
5261 0
5262 30229.3
5263 23969.9
5264 0
5265 0
5267 3.1654
5269 0
5273 1766.95
5275 0
5276 0
5277 0
5278 0
5280 0
5281 0
5282 0
5283 0
5284 0
5285 9736.06
5286 0
5287 0
5289 7274.63
5290 0
5291 0
5294 0
5295 4646.45
5296 137.193
5299 0
5300 0
5301 31662.3
5306 17.7913
5312 114.941
5313 0
5314 0
5315 0
5316 0
5317 0
5320 0
5321 28973.6
5322 0
5323 446.66
5324 0
5328 0
5329 0
5330 0
5332 0
5333 0
5334 0
5336 0
5337 0
5339 0
5341 4897.02
5342 0
5343 0
5344 0
5345 0
5346 0
5347 0
5348 0
5352 0
5353 0
5355 0
5356 0
5357 0
5358 0
5360 0
5361 0
5365 0
5366 0
5367 0
5370 0
5371 0
5372 0
5373 0
5374 0
5376 0
5377 0
5378 11299.5
5380 0
5381 0
5382 0
5384 5990.07
5385 0
5386 0
5387 2170.11
5390 0
5391 0
5395 0
5396 0
5397 0
5398 0
5399 0
5400 0
5401 0
5404 37043.4
5405 0
5406 21.5129
5410 0
5413 0
5415 2434.33
5416 0
5418 0
5419 0
5421 2073.98
5422 0
5423 51804.2
5424 0
5427 0
5428 0
5429 0
5430 2984.71
5431 0
5432 16168.4
5435 0
5436 0
5437 8580.37
5438 0
5439 15304.5
5440 0
5445 33796.3
5446 0
5447 0
5448 0
5452 10388.1
5454 4230.06
5455 0
5456 0
5457 18334.3
5460 0
5461 0
5462 0
5466 5168.98
5468 0
5472 0
5473 0
5474 0
5475 0
5476 0
5477 0
5478 0
5479 16702.3
5480 0
5482 19992.9
5483 0
5484 43001.7
5485 0
5486 0
5487 8137.68
5488 0
5489 0
5490 0
5491 0
5494 0
5495 0
5496 0
5497 0
5499 8177.03
5500 2400.17
5501 0
5504 0
5505 0
5507 0
5508 0
5510 0
5511 2547.85
5512 0
5515 0
5516 0
5517 0
5518 0
5519 0
5520 0
5521 0
5522 0
5523 0
5524 195148
5525 0
5526 0
5527 286.39
5528 0
5529 11406
5530 0
5531 0
5532 0
5534 0
5535 0
5536 0
5537 0
5540 0
5541 0
5542 0
5543 111404
5544 0
5548 0
5549 0
5550 0
5551 0
5552 0
5553 0
5554 0
5555 0
5558 0
5561 0
5562 0
5563 5017.63
5565 0
5566 0
5567 0
5569 15.3527
5571 0
5572 0
5573 0
5576 0
5577 0
5578 0
5579 0
5580 0
5581 0
5582 19044.9
5583 0
5584 2839.21
5587 0
5589 0
5590 0
5591 0
5594 0
5595 0
5596 26921.8
5598 0
5599 0
5600 0
5601 0
5602 0
5603 0
5604 0
5605 20068.4
5606 0
5607 0
5608 0
5609 0
5610 0
5611 0
5612 0
5613 0
5614 890.387
5615 0
5616 0
5617 0
5620 795.838
5622 0
5623 4416.37
5624 16500.8
5625 0
5626 457.094
5627 0
5628 0
5629 0
5630 1090.63
5633 0
5636 0
5639 2375.35
5640 519.739
5644 0
5645 0
5646 0
5647 0
5648 0
5649 0
5650 5219.99
5651 96.2367
5652 0
5653 0
5655 19034.1
5656 0
5657 0
5658 0
5659 0
5660 0
5661 0
5662 0
5666 0
5667 0
5668 0
5669 0
5670 0
5671 5633.54
5674 0
5675 0
5676 0
5678 0
5680 10039.3
5682 0
5684 4104.76
5685 0
5686 0
5687 0
5688 0
5689 0
5690 0
5691 0
5692 0
5695 0
5696 0
5697 113437
5698 0
5702 0
5703 0
5704 0
5705 2505.77
5707 0
5708 0
5709 922.771
5710 0
5711 0
5712 0
5713 1.23611
5714 43559
5717 0
5718 0
5720 0
5721 1187.53
5722 0
5729 0
5730 0
5731 0
5733 0
5735 0
5738 14944.7
5739 14352.2
5741 0
5744 0
5746 0
5747 0
5748 0
5749 0
5750 0
5751 0
5752 0
5753 591.725
5755 0
5757 38.6693
5760 6921.66
5761 0
5763 0
5764 0
5765 0
5766 0
5768 0
5769 0
5770 0
5771 0
5772 2242.82
5773 42477.2
5774 0
5775 12237.9
5776 2379.34
5781 0
5783 0
5784 34.4143
5785 0
5786 0
5787 0
5788 0
5789 0
5790 25.076
5794 0
5796 0
5797 0
5798 4189.97
5799 6313.09
5800 125597
5801 2348.35
5802 50997.7
5803 0
5804 19128.1
5805 0
5806 59849.1
5807 12423.4
5808 0
5809 1208.11
5810 0
5811 21792.4
5812 32100.8
5813 0
5814 78249.5
5815 0
5816 0
5817 33705.2
5818 30699
5819 43638.4
5820 0
5821 0
5822 32424.4
5823 0
5824 12036.2
5827 1514.57
5829 7723.38
5833 0
5834 0
5836 0
5837 18.7241
5839 41676.8
5840 0
5841 0
5842 0
5846 0
5852 0
5853 0
5854 0
5855 0
5856 0
5857 0
5859 0
5861 0
5862 0
5864 0
5866 0
5868 0
5871 20258.6
5872 14464.9
5873 0
5874 0
5875 0
5876 0
5877 0
5878 0
5883 0
5884 0
5885 0
5887 36.3168
5888 0
5889 0
5890 0
5892 0
5895 0
5896 0
5897 5305.45
5899 0
5902 3859.72
5903 0
5907 0
5908 0
5909 0
5910 0
5911 0
5913 0
5914 0
5915 0
5916 0
5917 0
5919 0
5920 0
5921 0
5922 841.118
5923 0
5924 0
5927 0
5928 1021.48
5930 0
5932 2422.75
5933 2464.04
5934 0
5935 0
5936 2495.66
5937 0
5938 0
5939 0
5940 0
5941 0
5942 0
5943 0
5944 0
5945 0
5946 0
5949 0
5950 666.936
5952 0
5958 0
5959 0
5960 0
5961 0
5962 0
5964 0
5965 0
5966 0
5967 0
5969 5217.48
5970 0
5972 73.1093
5978 0
5980 622.914
5981 0
5982 0
5983 0
5984 0
5985 0
5986 0
5987 0
5988 0
5989 0
5990 0
5992 0
5993 0
5995 0
5997 0
5998 15378.3
5999 0
6000 11511.3
6001 12020
6002 0
6003 0
6004 10180.6
6005 0
6006 52569.6
6007 0
6013 0
6014 0
6015 0
6016 0
6017 0
6018 0
6019 0
6020 0
6022 0
6023 4817.16
6024 0
6026 0
6028 0
6029 87.0403
6030 0
6031 0
6032 41122.1
6033 0
6034 0
6035 0
6036 0
6037 0
6038 0
6039 0
6042 0
6043 9861.08
6044 13899.9
6045 0
6046 0
6047 117.296
6048 0
6049 0
6050 0
6051 0
6052 0
6053 0
6056 0
6057 0
6058 0
6060 0
6061 0
6062 0
6063 0
6064 0
6066 0
6067 0
6068 0
6069 0
6070 0
6071 0
6072 0
6073 0
6074 0
6075 0
6077 0
6079 0
6081 0
6082 0
6089 0
6091 0
6092 0
6093 0
6094 5122.64
6097 9978.48
6098 735.62
6100 0
6108 0
6110 13.1052
6112 0
6113 0
6114 0
6116 0
6118 0
6119 0
6120 0
6121 0
6123 28658.5
6126 0
6127 0
6128 0
6129 0
6130 47.8066
6132 0
6133 0
6134 0
6135 0
6139 0
6141 0
6142 0
6143 0
6144 0
6145 0
6146 0
6147 0
6150 0
6151 5579.46
6152 0
6153 0
6155 0
6156 26089.8
6157 0
6158 0
6160 0
6165 0
6168 0
6169 0
6170 2932.39
6174 7031.27
6175 0
6176 0
6177 0
6178 0
6179 0
6180 0
6181 0
6182 0
6183 0
6184 0
6185 0
6186 0
6187 0
6188 0
6190 0
6191 0
6192 0
6193 0
6196 0
6197 0
6198 1369.83
6199 0
6200 0
6201 0
6202 0
6203 0
6204 0
6205 0
6206 0
6207 0
6208 0
6212 0
6213 0
6214 0
6215 0
6216 0
6217 0
6218 15951.8
6219 0
6220 0
6221 6579.04
6222 0
6223 0
6224 0
6227 4879.45
6228 0
6229 17861.4
6230 0
6232 0
6236 0
6239 0
6240 0
6241 7774.01
6242 0
6243 8343.18
6244 0
6245 0
6247 0
6248 0
6252 0
6253 0
6254 0
6258 0
6262 4729.39
6263 0
6264 0
6265 0
6266 0
6270 14208.5
6271 0
6272 10621.2
6273 0
6274 0
6275 0
6276 0
6280 4904.5
6281 0
6282 0
6286 0
6287 0
6288 0
6291 0
6292 0
6293 0
6294 0
6295 0
6297 0
6298 0
6299 50991.6
6301 0
6304 0
6305 41088
6311 105.202
6312 0
6313 0
6314 0
6315 0
6316 0
6317 0
6319 0
6320 7050.09
6323 7928.04
6324 0
6325 0
6326 0
6327 65644.4
6330 7175.04
6331 0
6332 0
6333 0
6334 14662.8
6339 0
6344 86.061
6346 0
6347 7067.62
6348 0
6349 0
6350 0
6351 0
6355 0
6356 0
6359 0
6360 1004.83
6366 0
6367 0
6371 0
6374 0
6375 0
6377 0
6378 0
6379 0
6380 0
6381 0
6383 0
6387 0
6389 0
6391 0
6392 0
6393 0
6394 0
6395 0
6396 0
6397 0
6398 0
6399 0
6406 0
6408 0
6410 0
6411 0
6412 0
6413 0
6414 24246.4
6415 0
6416 0
6421 2755.77
6422 20052.7
6423 0
6424 4808.35
6426 0
6428 0
6429 0
6430 0
6431 0
6436 0
6439 0
6440 0
6442 6699.33
6443 0
6444 0
6445 0
6446 0
6447 3664.7
6448 0
6450 0
6451 0
6452 0
6453 0
6454 0
6455 0
6456 0
6457 0
6458 30401.7
6459 0
6460 0
6461 0
6462 346.686
6466 0
6467 0
6468 0
6469 0
6470 0
6471 0
6474 39.2855
6477 0
6478 0
6479 0
6480 0
6483 0
6484 0
6485 0
6486 0
6487 0
6488 0
6489 0
6490 0
6491 2337.57
6492 0
6493 0
6494 0
6495 0
6497 0
6500 0
6501 1205.02
6502 0
6503 987.457
6504 0
6506 0
6507 0
6508 0
6509 0
6510 0
6513 0
6514 0
6515 0
6516 0
6517 0
6518 0
6519 0
6520 0
6521 0
6522 0
6523 29220.6
6524 0
6525 0
6526 0
6527 0
6533 0
6534 0
6535 0
6536 0
6537 0
6538 0
6539 0
6541 0
6542 0
6544 0
6545 0
6546 0
6547 0
6548 0
6550 0
6551 0
6552 1445.43
6555 27973
6560 34373.5
6561 0
6563 0
6565 0
6570 198.38
6572 0
6573 0
6574 0
6575 0
6577 0
6578 0
6579 0
6580 0
6581 0
6582 0
6583 0
6584 0
6585 0
6586 0
6587 0
6588 0
6592 11.0512
6595 1141.76
6596 27990.8
6598 0
6601 0
6602 0
6603 0
6604 0
6605 0
6607 0
6608 0
6609 0
6611 48.2127
6612 0
6613 3871.86
6614 0
6615 0
6616 0
6617 0
6618 60392.2
6619 0
6620 0
6622 0
6624 25270.9
6625 0
6626 0
6627 0
6630 0
6633 0
6634 37822.6
6635 0
6636 0
6638 0
6639 0
6643 0
6644 0
6645 0
6646 0
6647 0
6648 0
6649 0
6650 0
6651 0
6652 0
6653 0
6654 0
6655 0
6656 0
6657 0
6658 0
6660 0
6665 30904.9
6666 0
6671 0
6672 0
6673 0
6674 0
6675 0
6676 0
6677 0
6678 0
6679 0
6683 0
6684 0
6687 0
6688 0
6689 0
6690 0
6692 0
6695 0
6696 0
6697 0
6698 0
6701 0
6702 0
6703 0
6705 0
6706 0
6709 6965.18
6710 0
6711 0
6712 3268.98
6713 0
6714 28429
6717 0
6718 0
6719 0
6726 0
6727 0
6728 0
6729 0
6730 0
6731 0
6732 0
6734 0
6735 0
6736 12588
6737 61.291
6738 0
6744 0
6745 0
6746 0
6747 0
6749 0
6751 0
6752 0
6753 0
6755 2406.1
6758 0
6759 503.683
6760 0
6761 0
6764 0
6765 2427.53
6766 0
6767 0
6768 0
6770 12592.9
6771 0
6772 7478.28
6773 0
6774 64003.2
6775 0
6776 0
6779 0
6780 11215.9
6781 0
6782 0
6783 358.575
6784 35041.5
6787 0
6789 4813.91
6790 17724
6793 0
6794 0
6795 0
6797 0
6798 0
6800 0
6801 0
6802 0
6804 0
6807 0
6808 0
6809 4660.42
6810 0
6811 0
6812 0
6813 26.4749
6815 0
6816 0
6818 0
6819 0
6821 0
6822 0
6824 0
6828 0
6829 0
6833 7350.72
6834 0
6835 0
6836 0
6837 0
6841 0
6842 0
6843 0
6844 0
6845 0
6846 0
6847 0
6848 0
6852 0
6854 0
6855 9891.93
6859 0
6861 0
6862 0
6863 0
6864 0
6865 0
6866 0
6867 0
6869 97.5407
6870 0
6875 8100.35
6876 0
6877 0
6878 0
6880 0
6881 0
6883 0
6884 0
6885 0
6886 0
6889 0
6895 0
6896 0
6899 0
6900 0
6902 0
6903 0
6905 0
6906 0
6907 50360.4
6908 0
6909 0
6910 0
6911 0
6912 0
6913 22749.7
6914 98525.6
6915 0
6916 0
6917 13.7135
6918 6562.81
6921 0
6922 0
6923 27.6248
6924 8993.58
6926 0
6927 0
6928 0
6929 0
6934 17745.9
6935 0
6936 0
6938 399.71
6940 0
6941 0
6943 0
6945 1809.74
6946 120138
6947 0
6949 0
6951 11237.4
6953 35.1149
6954 0
6958 0
6959 0
6960 0
6961 0
6962 0
6963 0
6968 0
6969 0
6971 0
6972 0
6974 0
6975 0
6976 6875.45
6978 0
6981 0
6984 0
6985 0
6986 0
6990 0
6991 0
6993 9332.97
6994 8925.87
6995 0
6996 0
6998 0
6999 0
7000 0
7001 0
7002 0
7003 0
7004 0
7005 9956.61
7006 0
7007 0
7008 0
7009 0
7010 0
7011 0
7012 13170
7013 0
7014 0
7015 0
7016 0
7017 0
7018 0
7019 0
7020 0
7021 26065.2
7022 0
7023 5164.56
7024 0
7025 0
7026 0
7027 0
7028 0
7029 0
7030 0
7031 0
7032 0
7035 0
7036 0
7037 0
7038 0
7041 0
7043 0
7044 0
7045 0
7046 0
7047 47485.1
7048 0
7049 0
7050 7866.17
7051 0
7052 41220.4
7053 0
7054 11590.3
7055 0
7056 0
7057 0
7061 0
7062 3.34809
7063 15019.1
7064 0
7065 0
7070 0
7071 0
7072 0
7079 0
7080 0
7082 0
7084 0
7085 0
7086 0
7087 0
7088 5264.45
7089 0
7090 0
7092 82140.2
7095 0
7096 0
7098 0
7099 0
7100 0
7103 0
7104 0
7106 0
7107 0
7109 0
7110 67.657
7111 0
7112 0
7113 0
7114 0
7116 42.0953
7117 0
7118 0
7120 9938.57
7121 0
7122 0
7123 0
7124 0
7125 0
7126 0
7127 0
7128 0
7129 0
7130 0
7131 30854.4
7132 0
7133 0
7134 0
7135 0
7136 0
7137 0
7138 0
7139 0
7140 0
7142 0
7145 0
7146 26.1257
7150 0
7151 0
7153 0
7154 0
7155 0
7156 0
7157 0
7158 0
7159 0
7160 0
7163 0
7164 0
7165 0
7166 0
7167 0
7170 0
7171 0
7172 0
7173 0
7174 0
7175 0
7176 0
7177 0
7178 0
7179 0
7180 0
7181 0
7183 0
7184 0
7187 0
7188 0
7189 0
7190 0
7192 0
7193 0
7194 0
7197 0
7198 0
7199 0
7203 0
7205 0
7206 0
7210 0
7211 0
7212 0
7217 0
7218 0
7219 0
7220 0
7221 0
7222 8.4962
7223 0
7225 28917.6
7226 0
7227 0
7228 0
7229 0
7230 0
7231 0
7232 0
7233 27091.8
7234 0
7235 0
7236 0
7237 2813.84
7238 11426.3
7239 0
7240 0
7241 0
7243 40.909
7245 0
7251 0
7252 0
7253 0
7255 0
7260 0
7262 1382.97
7265 0
7266 0
7267 0
7268 0
7269 0
7270 0
7271 0
7276 0
7277 3212.81
7278 0
7279 12555.8
7280 22587
7281 0
7282 0
7283 0
7284 0
7285 0
7286 0
7287 0
7291 0
7293 0
7294 0
7295 7506.05
7296 0
7298 0
7299 0
7300 0
7301 19953.9
7302 0
7305 0
7309 0
7310 0
7317 0
7320 0
7321 0
7326 0
7327 0
7329 0
7330 0
7332 0
7333 0
7335 0
7336 0
7337 0
7341 169.245
7342 0
7343 0
7344 0
7345 0
7347 0
7348 0
7349 0
7350 0
7351 2386.65
7352 0
7353 0
7354 0
7355 0
7357 0
7360 0
7362 857.274
7363 0
7365 31.3631
7371 0
7372 0
7374 0
7376 0
7377 0
7378 22771
7379 0
7380 0
7382 0
7383 0
7386 13481.6
7387 22.8894
7389 5790.56
7390 0
7391 17847.4
7392 0
7393 3384.65
7394 0
7400 7118.53
7401 0
7402 0
7403 0
7404 0
7405 0
7407 33.8575
7409 0
7413 0
7415 0
7416 0
7417 0
7418 0
7419 0
7420 0
7421 0
7424 0
7425 0
7426 0
7427 0
7428 0
7429 0
7430 0
7431 0
7441 0
7443 2599.83
7444 0
7445 0
7446 0
7447 0
7448 0
7449 2580.1
7451 0
7452 0
7453 0
7454 0
7455 0
7456 0
7457 0
7458 0
7459 0
7461 0
7462 0
7465 0
7466 0
7468 0
7469 0
7470 0
7471 0
7472 0
7473 0
7474 0
7476 0
7477 0
7480 0
7481 0
7482 0
7483 0
7484 0
7485 0
7486 0
7487 0
7490 483.58
7492 0
7493 2217.88
7494 0
7501 0
7502 0
7503 0
7505 0
7509 0
7511 0
7513 0
7514 0
7515 0
7517 2459.44
7518 0
7520 28.9114
7522 0
7523 0
7524 0
7525 0
7527 0
7528 0
7531 0
7535 0
7536 0
7537 0
7538 0
7540 0
7544 4224.12
7545 0
7546 0
7549 0
7550 0
7554 0
7563 0
7564 0
7565 0
7569 0
7570 0
7571 0
7572 0
7576 0
7577 0
7578 0
7579 0
7580 0
7581 0
7585 0
7586 0
7588 1584.23
7593 30.6327
7594 0
7595 0
7597 0
7598 0
7599 0
7600 0
7601 0
7602 0
7605 0
7608 0
7609 0
7610 0
7611 0
7613 0
7614 0
7615 0
7616 0
7617 0
7618 170.178
7619 0
7623 0
7625 0
7626 0
7629 0
7630 0
7634 5.21939
7637 0
7638 0
7639 0
7642 16.5489
7644 0
7645 0
7647 349.254
7648 24.6295
7649 9726.65
7650 0
7653 5158
7659 0
7660 0
7661 0
7663 0
7664 0
7665 0
7666 761.097
7670 0
7675 1073.45
7676 0
7677 0
7678 0
7679 0
7682 0
7684 0
7685 0
7686 0
7687 0
7691 886.96
7695 1651.79
7696 0
7697 0
7698 0
7701 199.39
7703 0
7704 0
7705 0
7706 0
7715 0
7716 0
7717 0
7719 0
7720 0
7721 0
7724 0
7726 2432.3
7727 0
7728 0
7729 0
7732 0
7733 0
7736 0
7737 0
7738 0
7740 5.73084
7741 0
7742 0
7743 0
7744 0
7745 0
7747 0
7750 0
7751 0
7752 0
7753 0
7754 0
7755 0
7756 0
7758 0
7759 0
7760 0
7761 0
7762 0
7766 0
7767 0
7768 0
7769 0
7770 0
7771 0
7772 0
7773 0
7774 0
7775 0
7777 0
7779 0
7780 0
7781 0
7782 0
7783 0
7789 0
7790 0
7791 2237.24
7792 0
7796 0
7800 0
7801 0
7802 0
7804 0
7805 0
7806 0
7808 0
7810 2332.7
7812 0
7814 0
7815 0
7818 0
7821 0
7822 0
7826 0
7827 0
7828 0
7829 0
7830 0
7831 0
7832 0
7833 7811.54
7834 0
7835 9501.78
7836 0
7837 0
7841 0
7842 0
7843 0
7844 0
7845 0
7848 0
7849 0
7850 0
7851 0
7852 0
7853 0
7854 0
7856 0
7860 7078.39
7861 0
7862 8857.73
7863 0
7864 0
7865 0
7866 0
7867 0
7868 0
7869 0
7870 0
7873 0
7874 72.8747
7875 0
7877 0
7878 0
7882 14541.7
7883 0
7884 0
7885 0
7886 0
7887 0
7888 0
7889 0
7891 0
7892 0
7893 0
7894 0
7900 0
7901 0
7902 0
7903 0
7904 0
7905 0
7906 0
7907 0
7910 5073.24
7911 0
7914 0
7915 0
7916 0
7919 0
7920 0
7922 0
7923 0
7924 117.462
7925 0
7928 2675.49
7929 0
7930 0
7931 0
7932 0
7933 0
7934 0
7935 0
7937 0
7938 0
7939 0
7940 0
7941 0
7942 0
7944 0
7945 0
7948 0
7949 0
7950 0
7953 0
7954 0
7955 0
7956 0
7959 0
7960 0
7964 0
7966 0
7967 0
7968 0
7969 0
7970 0
7972 0
7974 0
7975 0
7976 0
7978 0
7980 0
7981 0
7985 0
7993 0
7995 0
7998 0
7999 0
8000 0
8001 0
8005 0
8006 0
8009 0
8010 0
8011 0
8012 0
8013 0
8014 0
8020 0
8021 2315.74
8023 0
8027 0
8035 0
8036 0
8037 228.433
8040 0
8041 0
8042 2402.62
8045 0
8046 0
8047 0
8048 0
8049 0
8050 115.594
8051 12286.7
8052 0
8053 0
8054 0
8055 0
8056 0
8057 0
8060 0
8061 0
8062 0
8063 0
8064 0
8065 0
8066 0
8069 0
8070 0
8071 0
8072 0
8074 0
8075 0
8077 0
8080 0
8081 0
8084 0
8085 0
8086 0
8087 0
8088 0
8091 0
8092 0
8093 0
8094 0
8095 0
8096 0
8097 0
8098 0
8099 0
8100 0
8101 0
8102 0
8103 0
8104 0
8105 0
8106 0
8107 0
8108 0
8109 0
8110 0
8111 0
8112 0
8114 0
8115 0
8118 0
8119 0
8120 0
8126 0
8131 0
8133 0
8134 25.945
8135 0
8136 0
8137 0
8138 0
8140 0
8142 0
8144 0
8145 0
8146 0
8147 0
8150 0
8152 0
8153 0
8155 0
8156 0
8157 0
8158 0
8159 0
8161 0
8162 0
8166 0
8167 0
8170 0
8171 0
8172 0
8173 0
8177 0
8179 0
8180 0
8181 0
8182 0
8183 0
8184 0
8187 0
8189 0
8190 0
8193 0
8194 0
8195 0
8196 0
8197 0
8199 0
8202 0
8203 0
8204 4.03292
8205 0
8206 0
8211 0
8213 0
8214 0
8215 0
8216 0
8221 0
8222 0
8227 0
8229 0
8231 0
8232 0
8233 0
8236 0
8238 0
8241 0
8242 0
8243 0
8244 0
8245 0
8248 0
8251 0
8252 0
8253 0
8254 0
8255 0
8256 0
8260 0
8261 0
8262 0
8263 15.0279
8264 0
8265 0
8266 0
8270 0
8271 3.39743
8272 0
8273 0
8274 0
